0
16348
-2101
-16087
4061
15607
-5859
-14953
7482
14168
-8925
-13290
10191
12355
-11284
-11396
12217
10438
-13002
-9505
13653
8617
-14186
-7789
14615
7034
-14956
-6361
15222
5777
-15425
-5289
15575
4900
-15681
-4613
15750
4430
-15787
-4353
15794
4381
-15771
-4514
15718
4752
-15630
-5093
15501
5534
-15325
-6074
15090
6705
-14786
-7423
14401
8218
-13918
-9080
13325
9993
-12605
-10942
11744
11904
-10728
-12854
9544
13763
-8186
-14597
6647
15318
-4931
-15885
3045
16255
-1007
-16383
-1155
16225
3406
-15739
-5693
14890
7957
-13652
-10122
12010
12107
-9966
-13819
7541
15165
-4780
-16049
1751
16382
1448
-16092
-4698
15124
7853
-13457
-10748
11105
13211
-8127
-15066
4632
16152
-779
-16338
-3226
15533
7136
-13709
-10677
10911
13567
-7268
-15538
2994
16368
1615
-15903
-6198
14092
10352
-11003
-13666
6835
15768
-1924
-16369
-3280
15311
8248
-12603
-12419
8446
15268
-3237
-16378
-2456
15511
7949
-12665
-12515
8105
15489
-2362
-16367
-3811
14911
9532
-11217
-13907
5740
16181
735
-15878
-7192
12924
12530
-7701
-15758
1032
16193
5923
-13623
-11861
8407
15578
-1458
-16227
-5882
13540
12093
-7947
-15786
546
16038
7073
-12647
-13161
6261
16212
1706
-15361
-9352
10668
14728
-3189
-16350
-5215
13646
12314
-7191
-16097
-1344
15373
9592
-10188
-15119
1926
16170
7010
-12266
-13864
4465
16382
4852
-13599
-12669
6266
16307
3270
-14376
-11765
7378
16166
2334
-14748
-11285
7854
16096
2072
-14803
-11291
7726
16146
2488
-14556
-11784
6984
16282
3573
-13945
-12698
5585
16382
5294
-12840
-13898
3473
16240
7566
-11063
-15151
615
15568
10210
-8426
-16116
-2937
14027
12908
-4799
-16342
-6976
11284
15171
-206
-15312
-11062
7127
16344
5058
-12548
-14484
1611
15694
10329
-7794
-16299
-4760
12607
14542
-1267
-15523
-10925
6898
16377
6119
-11485
-15310
-829
14630
12676
-4314
-16187
-8946
8820
16217
4616
-12368
-14930
-141
14800
12622
-4105
-16099
-9620
7857
16358
6240
-10950
-15734
-2754
13315
14423
-620
-14958
-12625
3728
15939
10530
-6475
-16352
-8302
8813
16309
6073
-10736
-15927
-3945
12267
15315
1988
-13446
-14572
-248
14325
13783
-1248
-14958
-13017
2492
15397
12328
-3481
-15688
-11758
4218
15869
11337
-4712
-15971
-11082
4966
16011
11007
-4985
-15998
-11114
4768
15928
11398
-4314
-15789
-11847
3616
15556
12440
-2668
-15196
-13145
1465
14665
13920
-8
-13914
-14706
-1693
12890
15433
3618
-11539
-16012
-5723
9813
16344
7942
-7681
-16316
-10178
5134
15813
12304
-2195
-14724
-14162
-1062
12959
15565
4517
-10467
-16312
-7980
7252
16208
11206
-3400
-15083
-13898
-908
12835
15729
5387
-9460
-16383
-9647
5090
15598
13224
-21
-13232
-15618
-5284
9324
16374
10215
-4143
-15166
-14071
-1784
11901
16166
7695
-6803
-15963
-12668
463
13219
15759
6178
-8124
-16204
-11941
1371
13630
15607
5867
-8248
-16196
-12104
940
13275
15835
6795
-7191
-15929
-13112
-831
12030
16250
8855
-4831
-15073
-14648
-3909
9556
16323
11710
-1021
-13029
-16043
-8041
5448
15206
14627
4156
-9099
-16227
-12490
-436
11889
16333
10009
-2875
-13860
-15798
-7481
5660
15136
14885
5121
-7888
-15874
-13818
-3068
9588
16237
12774
1400
-10819
-16367
-11882
-156
11645
16380
11233
-650
-12126
-16359
-10879
1020
12299
16350
10848
-951
-12181
-16366
-11143
445
11760
16383
11740
498
-11002
-16344
-12592
-1877
9853
16155
13616
3671
-8246
-15691
-14691
-5831
6120
14802
15649
8261
-3439
-13325
-16273
-10801
220
11109
16308
13211
3436
-8050
-15479
-15166
-7315
4139
13534
16272
11061
483
-10307
-16112
-14180
-5482
5803
14321
16079
10297
-277
-10702
-16159
-14169
-5694
5359
13959
16236
11210
1179
-9356
-15723
-15141
-7913
2757
12206
16353
13448
4784
-5901
-14059
-16260
-11621
-2130
8226
15153
15819
9994
102
-9808
-15734
-15319
-8777
1245
10751
15999
14962
8089
-1906
-11144
-16079
-14856
-7987
1887
11029
16020
15033
8478
-1186
-10392
-15787
-15441
-9523
-201
9170
15262
15948
11029
2267
-7260
-14255
-16332
-12818
-4954
4565
12526
16276
14603
8102
-1046
-9830
-15394
-15963
-11396
-3196
5999
13273
16355
14315
7831
-1055
-9595
-15180
-16140
-12224
-4648
4293
11937
16040
15429
10323
2240
-6465
-13296
-16325
-14728
-8996
-766
7652
13935
16378
14349
8438
272
-7942
-14022
-16378
-14427
-8717
-763
7363
13580
16325
14935
9799
2234
-5862
-12490
-16042
-15683
-11539
-4639
3344
10511
15185
16296
13624
7820
245
-7361
-13282
-16204
-15509
-11385
-4773
2857
9844
14690
16383
14594
9738
2862
-4585
-11062
-15253
-16330
-14109
-9069
-2244
5000
11239
15271
16341
14275
9501
2951
-4128
-10414
-14756
-16380
-15021
-10957
-4947
1918
8421
13427
16085
15964
13118
8059
1665
-4981
-10779
-14786
-16370
-15306
-11795
-6424
-63
6282
11629
15169
16383
15117
11591
6358
210
-5942
-11210
-14847
-16356
-15552
-12577
-7871
-2105
3923
9396
13589
15963
16229
14382
10688
5645
-90
-5789
-10742
-14351
-16192
-16069
-14022
-10323
-5429
73
5542
10353
13971
16010
16265
14736
11615
7260
2154
-3153
-8105
-12197
-15022
-16314
-15968
-14043
-10751
-6435
-1524
3506
8181
12071
14832
16231
16163
14659
11875
8074
3600
-1154
-5786
-9912
-13200
-15398
-16349
-15997
-14394
-11686
-8099
-3921
524
4905
8902
12234
14676
16072
16344
15496
13604
10816
7333
3395
-736
-4793
-8525
-11706
-14153
-15734
-16371
-16046
-14798
-12717
-9937
-6627
-2978
804
4518
7969
10986
13423
15172
16160
16358
15773
14450
12467
9931
6969
3721
337
-3034
-6251
-9183
-11717
-13760
-15244
-16123
-16381
-16022
-15075
-13591
-11636
-9292
-6649
-3805
-861
2083
4935
7606
10018
12105
13814
15106
15955
16351
16297
15806
14905
13631
12026
10142
8033
5757
3373
938
-1489
-3858
-6119
-8228
-10146
-11842
-13290
-14472
-15374
-15990
-16320
-16368
-16145
-15665
-14945
-14006
-12871
-11565
-10115
-8546
-6886
-5162
-3398
-1619
151
1894
3588
5216
6764
8219
9570
10807
11925
12919
13786
14525
15136
15621
15984
16227
16357
16379
16299
16124
15862
15520
15105
14626
14089
13502
12873
12208
11514
10797
10062
9317
8565
7811
7061
6316
5582
4861
4156
3470
2804
2160
1541
946
378
