0
5062
9628
13251
15579
16383
15587
13269
9656
5101
50
-5004
-9571
-13204
-15550
-16383
-15621
-13339
-9761
-5235
-201
4850
9431
13095
15489
16380
15683
13467
9947
5464
453
-4599
-9207
-12924
-15391
-16371
-15771
-13648
-10209
-5786
-806
4249
8896
12685
15252
16351
15878
13878
10545
6199
1259
-3800
-8494
-12373
-15064
-16312
-15997
-14149
-10948
-6700
-1812
3248
7997
11981
14821
16245
16118
14454
11413
7284
2462
-2593
-7401
-11503
-14511
-16138
-16231
-14782
-11929
-7945
-3207
1833
6700
10930
14124
15979
16322
15120
12487
8675
4043
-969
-5889
-10253
-13648
-15755
-16375
-15453
-13074
-9464
-4964
1
4966
9463
13070
15448
16375
15764
13673
10301
5963
1067
-3928
-8554
-12378
-15044
-16301
-16034
-14268
-11169
-7027
-2231
2773
7517
11559
14524
16134
16241
14836
12051
8145
3482
-1503
-6347
-10602
-13871
-15852
-16362
-15355
-12924
-9297
-4809
123
5043
9495
13069
15434
16372
15798
13765
10463
6195
1358
-3603
-8232
-12102
-14857
-16244
-16136
-14544
-11616
-7621
-2927
2034
6808
10957
14100
15950
16339
15231
12728
9061
4567
-344
-5223
-9624
-13145
-15466
-16374
-15789
-13764
-10485
-6251
-1449
3484
8099
11976
14764
16209
16182
14685
11855
7949
3324
-1601
-6381
-10582
-13823
-15813
-16372
-15449
-13130
-9624
-5250
-403
4479
8957
12626
15156
16319
16013
14264
11232
7189
2501
-2410
-7104
-11159
-14212
-15988
-16330
-15207
-12721
-9095
-4656
199
5036
9421
12963
15345
16356
15905
14035
10912
6817
2114
-2775
-7417
-11397
-14362
-16048
-16306
-15115
-12580
-8928
-4484
357
5166
9515
13020
15370
16359
15898
14030
10921
6847
2168
-2701
-7331
-11312
-14295
-16015
-16323
-15192
-12722
-9132
-4739
70
4872
9245
12804
15238
16332
15993
14250
11257
7278
2661
-2186
-6843
-10899
-14000
-15877
-16365
-15422
-13132
-9696
-5414
-661
4148
8596
12293
14919
16245
16157
14663
11894
8092
3587
-1227
-5935
-10127
-13439
-15585
-16380
-15756
-13767
-10586
-6490
-1834
2979
7535
11439
14354
16030
16321
15206
12779
9252
4928
181
-4580
-8947
-12543
-15061
-16283
-16107
-14548
-11741
-7927
-3434
1352
6021
10174
13455
15584
16380
15775
13821
10688
6642
2030
-2753
-7301
-11226
-14194
-15951
-16351
-15358
-13059
-9650
-5422
-733
4016
8424
12116
14779
16189
16227
14890
12292
8654
4284
-445
-5138
-9395
-12857
-15233
-16323
-16036
-14396
-11544
-7719
-3244
1501
6120
10224
13467
15577
16378
15804
13903
10836
6861
2311
-2430
-6968
-10921
-13960
-15830
-16376
-15553
-13430
-10187
-6093
-1492
3231
7685
11498
14352
16011
16336
15302
12996
9609
5425
791
-3906
-8280
-11965
-14658
-16135
-16275
-15068
-12613
-9115
-4864
-211
4457
8757
12332
14890
16218
16209
14863
12293
8711
4413
-246
-4886
-9122
-12608
-15058
-16270
-16147
-14699
-12046
-8406
-4077
583
5195
9382
12800
15170
16301
16099
14583
11876
8202
3859
-797
-5388
-9539
-12912
-15234
-16316
-16071
-14520
-11790
-8102
-3758
889
5464
9595
12948
15251
16319
16066
14513
11787
8109
3776
-860
-5426
-9553
-12909
-15224
-16311
-16084
-14563
-11869
-8221
-3913
708
5272
9411
12795
15150
16291
16125
14666
12034
8438
4168
-434
-5001
-9168
-12601
-15027
-16252
-16181
-14820
-12277
-8756
-4539
38
4612
8818
12322
14846
16189
16247
15015
12592
9171
5023
479
-4102
-8358
-11952
-14599
-16092
-16312
-15244
-12972
-9676
-5618
-1118
3469
7782
11481
14276
15947
16362
15492
13404
10263
6317
1877
-2709
-7083
-10901
-13863
-15739
-16383
-15745
-13875
-10921
-7114
-2752
1823
6255
10199
13346
15453
16355
15983
14367
11634
7996
3738
-809
-5293
-9365
-12710
-15068
-16257
-16186
-14861
-12386
-8952
-4827
-329
4192
8390
11938
14564
16066
16328
15332
13154
9964
6007
1588
-2951
-7262
-11015
-13921
-15757
-16383
-15752
-13913
-11009
-7261
-2958
1570
5977
9926
13116
15302
16320
16091
14634
12061
8568
4424
-55
-4531
-8660
-12130
-14676
-16107
-16313
-15280
-13088
-9902
-5967
-1580
2925
7208
10945
13852
15711
16382
15814
14052
11229
7559
3320
-1168
-5568
-9547
-12806
-15101
-16259
-16194
-14912
-12509
-9167
-5138
-724
3742
7928
11519
14246
15905
16374
15618
13695
10748
6999
2728
-1745
-6088
-9975
-13118
-15283
-16310
-16121
-14734
-12251
-8857
-4807
-400
4035
8170
11699
14359
15954
16367
15569
13618
10660
6915
2659
-1791
-6109
-9975
-13104
-15266
-16303
-16138
-14784
-12343
-8994
-4984
-609
3809
7948
11502
14211
15877
16379
15680
13833
10974
7312
3116
-1305
-5632
-9546
-12762
-15046
-16232
-16234
-15053
-12775
-9568
-5665
-1350
3060
7249
10909
13777
15644
16375
15919
14308
11662
8171
4090
-286
-4640
-8659
-12050
-14571
-16039
-16349
-15480
-13495
-10538
-6823
-2617
1775
6040
9869
12988
15174
16269
16197
14963
12656
9442
5553
1267
-3108
-7260
-10892
-13745
-15616
-16370
-15956
-14404
-11825
-8404
-4384
-54
4279
8307
11744
14345
15926
16375
15663
13839
11034
7447
3334
-1014
-5290
-9191
-12440
-14810
-16132
-16315
-15346
-13294
-10305
-6590
-2412
1934
6145
9921
12999
15163
16260
16215
15032
12794
9659
5847
1627
-2705
-6848
-10511
-13438
-15424
-16332
-16099
-14742
-12357
-9110
-5228
-983
3328
7408
10971
13770
15612
16367
15986
14495
11998
8669
4740
484
-3805
-7829
-11311
-14010
-15739
-16380
-15890
-14302
-11728
-8345
-4387
-128
4138
8119
11540
14167
15819
16383
15822
14174
11555
8143
4173
-81
-4329
-8279
-11662
-14247
-15857
-16382
-15789
-14117
-11483
-8065
-4099
145
4379
8314
11682
14255
15858
16383
15794
14134
11514
8114
4165
-65
-4290
-8224
-11600
-14191
-15822
-16383
-15837
-14223
-11648
-8289
-4372
-160
4060
8006
11413
14052
15745
16380
15914
14380
11881
8586
4716
531
-3687
-7659
-11118
-13832
-15620
-16365
-16016
-14598
-12207
-9002
-5197
-1047
3171
7177
10705
13521
15437
16326
16132
14866
12615
9527
5809
1707
-2507
-6555
-10167
-13107
-15180
-16249
-16245
-15169
-13092
-10153
-6545
-2507
1695
5785
9493
12576
14832
16114
16337
15487
13622
10865
7396
3443
-733
-4861
-8671
-11912
-14374
-15897
-16382
-15797
-14183
-11644
-8347
-4507
-375
3780
7689
11097
13783
15574
16353
16072
14748
12468
9382
5688
1627
-2537
-6537
-10113
-13036
-15116
-16220
-16278
-15286
-13309
-10475
-6968
-3013
1134
5208
8946
12109
14493
15948
16379
15760
14131
11598
8323
4516
422
-3698
-7581
-10980
-13676
-15500
-16335
-16129
-14895
-12713
-9723
-6115
-2119
2010
6011
9629
12636
14840
16103
16346
15553
13776
11127
7776
3934
-155
-4234
-8045
-11347
-13933
-15640
-16362
-16053
-14734
-12489
-9459
-5835
-1846
2258
6219
9790
12746
14903
16126
16339
15530
13750
11111
7778
3961
-102
-4159
-7955
-11254
-13852
-15586
-16350
-16097
-14844
-12668
-9706
-6142
-2198
1880
5842
9441
12455
14696
16029
16369
15698
14058
11549
8329
4596
580
-3470
-7305
-10691
-13417
-15318
-16277
-16235
-15197
-13225
-10444
-7022
-3171
873
4863
8554
11722
14172
15755
16376
15996
14641
12394
9391
5817
1890
-2151
-6061
-9601
-12556
-14749
-16045
-16367
-15697
-14075
-11601
-8424
-4739
-767
3249
7068
10460
13219
15179
16224
16290
15374
13533
10877
7567
3803
-188
-4167
-7895
-11149
-13732
-15492
-16323
-16175
-15060
-13043
-10246
-6838
-3022
972
4909
8552
11684
14118
15711
16368
16051
14779
12628
9728
6250
2403
-1586
-5480
-9048
-12080
-14395
-15858
-16382
-15938
-14551
-12306
-9334
-5813
-1949
2027
5884
9394
12350
14578
15949
16382
15852
14392
12088
9075
5531
1664
-2299
-6127
-9596
-12503
-14678
-15995
-16378
-15805
-14311
-11982
-8956
-5409
-1548
2401
6211
9658
12544
14701
16003
16378
15802
14311
11992
8979
5447
1601
-2335
-6137
-9583
-12475
-14647
-15974
-16381
-15843
-14394
-12117
-9144
-5646
-1824
2100
5904
9368
12294
14515
15904
16383
15924
14555
12354
9448
6003
2216
-1695
-5509
-9009
-11994
-14296
-15784
-16375
-16034
-14783
-12693
-9883
-6513
-2775
1118
4948
8497
11565
13977
15600
16340
16158
15064
13121
10439
7170
3497
-370
-4217
-7825
-10993
-13543
-15332
-16260
-16276
-15379
-13622
-11102
-7962
-4377
-548
3310
6982
10264
12972
14957
16107
16360
15702
14171
11851
8874
5404
1635
-2223
-5957
-9360
-12244
-14449
-15853
-16380
-16001
-14738
-12661
-9885
-6565
-2883
955
4741
8265
11333
13777
15463
16298
16238
15287
13497
10968
7838
4279
487
-3330
-6964
-10217
-12911
-14899
-16073
-16370
-15775
-14320
-12085
-9193
-5802
-2096
1722
5447
8874
11820
14123
15660
16349
16151
15080
13193
10593
7422
3850
72
-3709
-7289
-10476
-13097
-15013
-16120
-16360
-15720
-14236
-11988
-9097
-5719
-2035
1756
5453
8857
11787
14085
15630
16340
16177
15151
13317
10774
7657
4134
392
-3370
-6952
-10164
-12835
-14824
-16027
-16379
-15863
-14507
-12384
-9606
-6321
-2702
1057
4761
8212
11230
13654
15359
16254
16294
15477
13846
11488
8528
5120
1445
-2304
-5932
-9248
-12080
-14278
-15730
-16359
-16133
-15065
-13212
-10669
-7572
-4080
-378
3343
6890
10077
12740
14741
15977
16383
15940
14670
12642
9960
6763
3217
-493
-4178
-7646
-10718
-13237
-15073
-16132
-16361
-15747
-14324
-12165
-9381
-6117
-2540
1166
4812
8211
11188
13591
15299
16225
16321
15583
14051
11802
8951
5646
2054
-1641
-5252
-8595
-11501
-13821
-15440
-16274
-16283
-15467
-13868
-11567
-8681
-5357
-1763
1918
5502
8807
11668
13939
15508
16295
16263
15412
13786
11469
8576
5254
1669
-1998
-5565
-8852
-11695
-13952
-15511
-16295
-16265
-15423
-13811
-11512
-8640
-5338
-1771
1882
5441
8729
11583
13860
15450
16273
16289
15499
13941
11694
8870
5608
2069
-1569
-5130
-8437
-11328
-13659
-15318
-16222
-16328
-15632
-14168
-12009
-9261
-6060
-2562
1059
4628
7969
10920
13337
15101
16128
16367
15808
14478
12444
9804
6688
3247
-349
-3929
-7316
-10348
-12877
-14781
-15969
-16383
-16004
-14851
-12980
-10483
-7481
-4118
-557
3028
6468
9595
12259
14333
15718
16347
16191
15258
13593
11278
8422
5164
1660
-1921
-5411
-8641
-11458
-13727
-15341
-16223
-16332
-15663
-14249
-12158
-9489
-6370
-2950
608
4138
7470
10448
12930
14800
15969
16383
16022
14906
13086
10650
7712
4412
905
-2643
-6066
-9203
-11907
-14051
-15536
-16291
-16282
-15511
-14014
-11862
-9155
-6021
-2607
927
4417
7701
10625
13053
14873
16000
16383
16004
14883
13070
10652
7741
4471
996
-2524
-5927
-9055
-11763
-13928
-15449
-16257
-16315
-15622
-14209
-12143
-9518
-6457
-3100
397
3877
7177
10147
12652
14577
15834
16366
16150
15197
13550
11285
8506
5340
1931
-1563
-4986
-8181
-11004
-13326
-15042
-16076
-16380
-15942
-14781
-12952
-10538
-7648
-4413
-979
2496
5860
8957
11651
13819
15364
16218
16342
15733
14417
12454
9933
6968
3692
251
-3200
-6507
-9522
-12111
-14159
-15574
-16294
-16288
-15557
-14133
-12081
-9493
-6483
-3186
250
3676
6937
9890
12404
14368
15697
16331
16243
15438
13953
11852
9230
6201
2901
-525
-3928
-7158
-10072
-12543
-14463
-15749
-16343
-16222
-15391
-13887
-11777
-9152
-6129
-2838
574
3961
7174
10074
12535
14450
15737
16339
16232
15421
13942
11859
9262
6266
3000
-395
-3772
-6985
-9896
-12380
-14328
-15660
-16316
-16270
-15525
-14112
-12094
-9558
-6611
-3383
-10
3361
6588
9533
12069
14089
15506
16262
16324
15689
14387
12473
10028
7158
3985
643
-2724
-5976
-8973
-11590
-13714
-15258
-16156
-16370
-15893
-14746
-12976
-10660
-7895
-4798
-1501
1858
5139
8203
10921
13180
14886
15967
16379
16106
15158
13577
11428
8804
5812
2579
-760
-4067
-7204
-10040
-12457
-14356
-15658
-16310
-16285
-15584
-14238
-12302
-9858
-7007
-3866
-567
2753
5960
8920
11511
13628
15183
16112
16379
15973
14911
13237
11021
8353
5344
2118
-1194
-4457
-7536
-10307
-12656
-14488
-15729
-16329
-16263
-15536
-14177
-12242
-9810
-6981
-3869
-602
2688
5869
8812
11397
13521
15098
16065
16383
16040
15051
13456
11320
8729
5788
2616
-660
-3910
-7001
-9811
-12227
-14153
-15512
-16251
-16339
-15776
-14583
-12808
-10524
-7821
-4807
-1603
1663
4862
7868
10560
12833
14596
15780
16340
16252
15522
14179
12276
9889
7113
4057
842
-2403
-5555
-8487
-11084
-13245
-14886
-15943
-16373
-16163
-15319
-13877
-11892
-9443
-6626
-3551
-338
2886
5997
8874
11404
13491
15052
16028
16382
16100
15194
13700
11676
9200
6370
3294
92
-3112
-6196
-9039
-11534
-13584
-15110
-16055
-16383
-16081
-15162
-13662
-11639
-9170
-6351
-3290
-104
3084
6155
8989
11480
13532
15068
16030
16382
16110
15227
13766
11782
9353
6569
3538
374
-2803
-5873
-8721
-11238
-13331
-14920
-15946
-16372
-16181
-15381
-14003
-12100
-9743
-7021
-4036
-902
2265
5347
8227
10800
12968
14651
15787
16334
16273
15605
14357
12575
10326
7695
4778
1686
-1467
-4566
-7495
-10145
-12420
-14235
-15523
-16238
-16354
-15867
-14796
-13180
-11080
-8573
-5752
-2721
408
3523
6507
9252
11657
13635
15115
16041
16382
16124
15279
13878
11971
9629
6938
3996
909
-2208
-5246
-8092
-10644
-12811
-14512
-15689
-16298
-16319
-15750
-14614
-12951
-10823
-8305
-5490
-2478
621
3698
6641
9345
11713
13661
15120
16037
16381
16139
15322
13958
12098
9807
7167
4273
1229
-1858
-4878
-7725
-10296
-12502
-14264
-15521
-16228
-16362
-15917
-14911
-13379
-11376
-8973
-6254
-3317
-263
2797
5760
8519
10979
13053
14669
15771
16321
16301
15711
14572
12926
10830
8357
5594
2637
-410
-3443
-6355
-9045
-11421
-13400
-14914
-15912
-16359
-16240
-15561
-14344
-12633
-10487
-7980
-5199
-2241
793
3800
6675
9320
11644
13569
15028
15973
16370
16209
15493
14249
12519
10363
7855
5080
2133
-885
-3872
-6727
-9353
-11660
-13572
-15024
-15966
-16369
-16218
-15519
-14297
-12593
-10465
-7985
-5237
-2314
685
3661
6513
9145
11470
13410
14900
15892
16351
16264
15634
14482
12848
10786
8366
5668
2783
-193
-3163
-6027
-8690
-11064
-13070
-14643
-15732
-16300
-16329
-15819
-14788
-13269
-11314
-8987
-6365
-3534
-588
2375
5260
7971
10421
12528
14225
15456
16181
16378
16041
15180
13825
12020
9824
7310
4559
1660
-1290
-4198
-6969
-9514
-11750
-13605
-15019
-15948
-16362
-16247
-15609
-14469
-12863
-10843
-8476
-5837
-3012
-91
2831
5662
8311
10693
12733
14364
15537
16214
16373
16011
15138
13785
11993
9822
7338
4623
1763
-1152
-4030
-6780
-9314
-11553
-13427
-14876
-15855
-16335
-16300
-15752
-14708
-13203
-11284
-9011
-6456
-3700
-829
2066
4896
7573
10012
12137
13884
15197
16036
16376
16206
15533
14378
12776
10779
8449
5858
3086
220
-2651
-5440
-8061
-10431
-12480
-14143
-15370
-16125
-16383
-16138
-15398
-14186
-12539
-10509
-8158
-5559
-2790
62
2912
5672
8259
10592
12603
14230
15424
16148
16383
16120
15369
14153
12509
10487
8149
5566
2815
-18
-2851
-5597
-8173
-10503
-12517
-14153
-15365
-16115
-16383
-16159
-15452
-14283
-12688
-10715
-8422
-5879
-3162
-352
2467
5212
7802
10159
12214
13906
15185
16014
16370
16241
15632
14562
13063
11180
8967
6492
3826
1049
-1757
-4511
-7132
-9544
-11674
-13463
-14856
-15816
-16312
-16333
-15877
-14959
-13605
-11856
-9763
-7387
-4797
-2069
717
3483
6146
8631
10865
12785
14335
15470
16159
16383
16135
15422
14267
12702
10773
8536
6055
3401
651
-2116
-4822
-7389
-9745
-11822
-13561
-14914
-15841
-16318
-16331
-15880
-14979
-13653
-11941
-9892
-7564
-5022
-2340
407
3142
5788
8269
10517
12468
14068
15273
16048
16373
16239
15650
14624
13189
11386
9266
6888
4319
1631
-1101
-3802
-6397
-8813
-10983
-12848
-14357
-15467
-16148
-16383
-16165
-15501
-14409
-12920
-11076
-8927
-6534
-3962
-1282
1431
4105
6665
9042
11171
12993
14459
15530
16177
16383
16142
15461
14360
12870
11030
8891
6512
3957
1296
-1398
-4054
-6600
-8966
-11090
-12914
-14389
-15476
-16147
-16383
-16179
-15540
-14485
-13043
-11251
-9159
-6823
-4305
-1673
1001
3649
6198
8582
10736
12604
14137
15294
16044
16369
16261
15722
14768
13424
11726
9719
7457
4999
2410
-240
-2884
-5451
-7873
-10089
-12039
-13674
-14950
-15834
-16305
-16350
-15968
-15170
-13977
-12421
-10543
-8391
-6023
-3499
-885
1750
4340
6816
9115
11178
12952
14390
15458
16127
16381
16213
15630
14645
13285
11584
9588
7347
4920
2367
-244
-2849
-5380
-7774
-9968
-11908
-13545
-14837
-15752
-16267
-16370
-16058
-15340
-14235
-12771
-10985
-8922
-6636
-4183
-1626
970
3542
6024
8353
10473
12329
13876
15075
15898
16323
16340
15951
15164
14000
12488
10666
8581
6283
3830
1284
-1293
-3837
-6286
-8578
-10658
-12474
-13982
-15146
-15936
-16334
-16331
-15927
-15133
-13968
-12461
-10651
-8580
-6301
-3869
-1343
1213
3740
6174
8458
10535
12356
13876
15060
15878
16312
16351
15995
15253
14144
12694
10939
8921
6690
4298
1805
-730
-3247
-5686
-7987
-10097
-11964
-13546
-14803
-15707
-16237
-16380
-16133
-15503
-14506
-13164
-11511
-9587
-7436
-5110
-2664
-156
2353
4807
7147
9317
11268
12953
14333
15377
16059
16366
16289
15831
15004
13826
12327
10541
8510
6282
3908
1445
-1050
-3520
-5908
-8158
-10218
-12042
-13586
-14816
-15704
-16230
-16381
-16156
-15559
-14605
-13317
-11723
-9861
-7775
-5511
-3122
-663
1809
4240
6574
8756
10739
12477
13931
15068
15863
16298
16364
16060
15393
14378
13040
11408
9520
7418
5151
2768
324
-2125
-4526
-6825
-8970
-10914
-12613
-14030
-15133
-15899
-16310
-16358
-16043
-15371
-14358
-13027
-11408
-9537
-7456
-5211
-2852
-430
1998
4383
6670
8810
10755
12463
13897
15026
15825
16277
16373
16112
15499
14547
13280
11723
9912
7887
5690
3372
981
-1430
-3809
-6105
-8268
-10251
-12013
-13514
-14724
-15617
-16173
-16381
-16238
-15747
-14918
-13769
-12327
-10622
-8690
-6574
-4319
-1972
414
2792
5110
7318
9369
11221
12835
14177
15218
15937
16319
16357
16050
15405
14436
13164
11617
9826
7830
5670
3393
1046
-1321
-3661
-5923
-8061
-10030
-11789
-13302
-14539
-15473
-16086
-16365
-16305
-15909
-15183
-14144
-12814
-11220
-9396
-7379
-5211
-2937
-604
1740
4048
6272
8367
10290
12002
13468
14659
15551
16126
16373
16287
15871
15133
14089
12759
11172
9361
7360
5212
2960
650
-1672
-3960
-6168
-8251
-10167
-11879
-13352
-14558
-15472
-16077
-16361
-16318
-15951
-15266
-14278
-13007
-11478
-9723
-7775
-5674
-3462
-1183
1118
3396
5607
7707
9653
11410
12941
14218
15215
15914
16302
16370
16118
15552
14683
13528
12110
10458
8603
6581
4433
2200
-74
-2346
-4572
-6709
-8715
-10553
-12186
-13584
-14720
-15573
-16127
-16371
-16301
-15919
-15233
-14256
-13008
-11512
-9797
-7896
-5846
-3685
-1456
799
3039
5220
7302
9244
11011
12570
13891
14949
15726
16206
16382
16250
15814
15081
14067
12790
11274
9548
7645
5601
3453
1242
-990
-3204
-5358
-7411
-9326
-11067
-12603
-13906
-14952
-15721
-16200
-16381
-16261
-15842
-15133
-14146
-12901
-11420
-9731
-7865
-5856
-3741
-1559
649
2845
4989
7041
8965
10725
12291
13633
14728
15557
16105
16362
16325
15994
15376
14482
13328
11936
10331
8542
6601
4544
2406
226
-1956
-4104
-6177
-8139
-9957
-11597
-13030
-14233
-15183
-15865
-16267
-16381
-16208
-15749
-15013
-14014
-12770
-11302
-9637
-7804
-5836
-3766
-1632
529
2680
4784
6803
8704
10453
12019
13377
14503
15377
15985
16318
16369
16137
15629
14852
13820
12552
11069
9397
7565
5605
3549
1435
-702
-2828
-4904
-6896
-8769
-10493
-12039
-13380
-14493
-15362
-15970
-16309
-16373
-16161
-15677
-14931
-13933
-12703
-11260
-9629
-7839
-5918
-3899
-1816
296
2402
4467
6458
8340
10082
11657
13039
14204
15133
15813
16232
16383
16264
15878
15231
14335
13204
11857
10317
8609
6761
4804
2770
691
-1397
-3462
-5470
-7388
-9186
-10834
-12306
-13578
-14631
-15447
-16014
-16323
-16369
-16152
-15676
-14949
-13983
-12794
-11400
-9825
-8094
-6235
-4278
-2253
-194
1867
3898
5866
7740
9491
11091
12515
13742
14751
15527
16059
16338
16361
16128
15641
14911
13947
12766
11387
9831
8122
6288
4358
2360
327
-1709
-3719
-5670
-7533
-9279
-10880
-12313
-13556
-14590
-15400
-15973
-16301
-16379
-16206
-15786
-15125
-14234
-13126
-11819
-10333
-8691
-6918
-5041
-3088
-1090
923
2922
4876
6755
8532
10180
11673
12991
14114
15024
15709
16159
16368
16332
16053
15535
14786
13818
12645
11285
9759
8089
6301
4420
2475
495
-1491
-3455
-5367
-7199
-8925
-10519
-11959
-13223
-14293
-15154
-15794
-16203
-16377
-16312
-16011
-15478
-14721
-13751
-12583
-11234
-9723
-8073
-6308
-4452
-2534
-581
1379
3319
5211
7027
8742
10332
11773
13046
14133
15018
15690
16139
16359
16348
16106
15636
14946
14046
12949
11670
10228
8643
6938
5137
3264
1347
-587
-2512
-4402
-6229
-7969
-9597
-11092
-12432
-13599
-14577
-15354
-15918
-16262
-16383
-16278
-15949
-15402
-14644
-13685
-12540
-11224
-9755
-8155
-6443
-4645
-2785
-888
1019
2912
4765
6553
8251
9836
11289
12588
13717
14662
15409
15949
16275
16383
16272
15944
15403
14657
13717
12594
11305
9867
8298
6621
4857
3029
1163
-717
-2587
-4423
-6199
-7893
-9482
-10946
-12267
-13426
-14409
-15204
-15800
-16191
-16370
-16337
-16092
-15639
-14983
-14134
-13103
-11903
-10551
-9063
-7459
-5761
-3990
-2168
-320
1531
3362
5149
6869
8501
10024
11419
12668
13755
14668
15395
15926
16257
16382
16300
16014
15526
14844
13976
12933
11729
10379
8900
7311
5632
3883
2087
266
-1556
-3359
-5119
-6815
-8426
-9932
-11315
-12557
-13645
-14564
-15305
-15857
-16215
-16374
-16333
-16093
-15657
-15031
-14222
-13241
-12100
-10812
-9395
-7865
-6240
-4541
-2789
-1004
792
2578
4331
6032
7660
9195
10620
11917
13071
14069
14900
15552
16020
16298
16383
16274
15972
15483
14811
13966
12956
11795
10497
9076
7549
5936
4254
2523
764
-1003
-2757
-4478
-6147
-7743
-9249
-10647
-11921
-13058
-14043
-14866
-15517
-15990
-16280
-16383
-16298
-16027
-15574
-14943
-14143
-13182
-12071
-10825
-9456
-7982
-6417
-4782
-3093
-1370
366
2098
3805
5469
7070
8592
10016
11328
12513
13558
14451
15183
15746
16135
16344
16372
16220
15889
15382
14707
13870
12882
11752
10495
9123
7653
6100
4481
2814
1118
-589
-2289
-3963
-5593
-7162
-8653
-10049
-11336
-12501
-13530
-14413
-15141
-15707
-16104
-16329
-16379
-16255
-15957
-15490
-14859
-14070
-13133
-12057
-10854
-9537
-8121
-6620
-5050
-3427
-1770
-96
1578
3235
4858
6429
7931
9351
10672
11881
12967
13918
14724
15377
15871
16201
16364
16359
16186
15847
15345
14687
13879
12929
11849
10648
9340
7938
6456
4909
3314
1686
42
-1601
-3227
-4820
-6363
-7842
-9241
-10546
-11745
-12827
-13779
-14594
-15263
-15780
-16140
-16339
-16377
-16253
-15968
-15526
-14931
-14190
-13309
-12298
-11168
-9929
-8593
-7174
-5686
-4144
-2562
-957
656
2263
3846
5392
6884
8309
9653
10904
12048
13077
13979
14747
15374
15853
16180
16354
16371
16233
15941
15498
14909
14179
13316
12327
11223
10014
8712
7329
5878
4373
2828
1258
-322
-1899
-3458
-4983
-6461
-7879
-9222
-10479
-11639
-12691
-13626
-14434
-15109
-15646
-16039
-16284
-16381
-16329
-16127
-15779
-15288
-14659
-13897
-13009
-12005
-10892
-9683
-8387
-7016
-5583
-4101
-2583
-1043
504
2047
3571
5061
6506
7892
9207
10440
11580
12616
13541
14346
15024
15570
15978
16247
16373
16355
16196
15895
15455
14882
14180
13356
12416
11369
10225
8994
7686
6313
4886
3419
1923
411
-1102
-2605
-4085
-5530
-6927
-8263
-9529
-10714
-11807
-12799
-13683
-14451
-15097
-15616
-16004
-16257
-16374
-16355
-16198
-15907
-15484
-14933
-14258
-13465
-12561
-11555
-10453
-9266
-8004
-6677
-5296
-3872
-2418
-944
534
2009
3466
4894
6281
7617
8889
10090
11207
12234
13161
13982
14690
15280
15747
16088
16300
16382
16333
16155
15848
15416
14862
14191
13408
12520
11534
10458
9301
8071
6779
5435
4050
2633
1198
-246
-1687
-3114
-4516
-5882
-7201
-8465
-9662
-10784
-11822
-12769
-13617
-14361
-14995
-15513
-15913
-16192
-16348
-16379
-16287
-16071
-15734
-15279
-14709
-14028
-13243
-12359
-11384
-10323
-9187
-7982
-6719
-5408
-4056
-2676
-1277
130
1535
2928
4299
5637
6933
8177
9360
10474
11511
12463
13324
14087
14748
15301
15743
16071
16283
16378
16354
16213
15956
15585
15103
14513
13820
13029
12146
11178
10130
9013
7832
6596
5315
3998
2654
1291
-78
-1446
-2804
-4141
-5448
-6716
-7937
-9102
-10203
-11232
-12183
-13050
-13826
-14506
-15087
-15563
-15933
-16193
-16343
-16382
-16309
-16125
-15832
-15432
-14928
-14323
-13623
-12831
-11954
-10997
-9967
-8871
-7717
-6512
-5265
-3983
-2676
-1353
-21
1309
2630
3933
5209
6449
7647
8793
9881
10904
11855
12728
13517
14219
14827
15339
15752
16062
16269
16371
16368
16260
16048
15734
15319
14807
14201
13505
12725
11864
10929
9926
8860
7740
6572
5364
4123
2858
1575
284
-1008
-2293
-3562
-4809
-6025
-7202
-8335
-9415
-10436
-11393
-12279
-13089
-13818
-14463
-15019
-15483
-15853
-16127
-16302
-16379
-16357
-16237
-16019
-15705
-15297
-14798
-14210
-13539
-12787
-11960
-11063
-10100
-9079
-8005
-6884
-5724
-4531
-3312
-2075
-827
424
1673
2911
4131
5326
6489
7613
8693
9722
10694
11603
12445
13216
13910
14524
15054
15499
15855
16120
16294
16376
16365
16262
16068
15783
15410
14951
14409
13787
13088
12317
11479
10577
9618
8606
7547
6448
5314
4152
2968
1769
561
-647
-1853
-3047
-4224
-5376
-6499
-7586
-8631
-9628
-10573
-11461
-12286
-13045
-13734
-14349
-14887
-15345
-15722
-16015
-16224
-16346
-16383
-16333
-16198
-15977
-15674
-15289
-14824
-14283
-13668
-12983
-12231
-11416
-10543
-9617
-8642
-7623
-6567
-5477
-4361
-3223
-2070
-907
258
1422
2578
3719
4842
5938
7004
8034
9023
9966
10858
11696
12475
13191
13841
14423
14933
15368
15728
16011
16214
16338
16383
16347
16232
16039
15768
15420
14999
14506
13943
13314
12621
11869
11061
10200
9292
8341
7351
6326
5273
4196
3100
1991
873
-247
-1366
-2477
-3576
-4657
-5716
-6747
-7746
-8708
-9629
-10506
-11333
-12107
-12826
-13485
-14082
-14614
-15080
-15476
-15803
-16057
-16239
-16348
-16383
-16345
-16233
-16049
-15794
-15468
-15075
-14614
-14089
-13503
-12858
-12156
-11402
-10598
-9749
-8858
-7929
-6967
-5975
-4958
-3921
-2867
-1802
-731
342
1413
2477
3530
4566
5582
6574
7536
8466
9359
10212
11021
11783
12495
13154
13757
14302
14787
15211
15571
15866
16096
16258
16354
16383
16344
16239
16067
15830
15529
15166
14741
14257
13716
13120
12472
11774
11031
10243
9416
8552
7655
6728
5776
4802
3810
2804
1787
765
-258
-1280
-2296
-3303
-4295
-5270
-6224
-7152
-8052
-8920
-9754
-10549
-11303
-12013
-12677
-13291
-13855
-14366
-14823
-15223
-15565
-15849
-16073
-16237
-16340
-16382
-16363
-16284
-16144
-15945
-15688
-15373
-15002
-14577
-14098
-13569
-12991
-12366
-11698
-10987
-10238
-9452
-8634
-7785
-6909
-6009
-5089
-4152
-3201
-2240
-1271
-300
671
1640
2601
3553
4491
5413
6315
7194
8047
8871
9664
10423
11145
11829
12471
13070
13623
14130
14589
14998
15355
15661
15913
16112
16257
16347
16382
16363
16290
16163
15983
15750
15465
15130
14746
14314
13836
13313
12748
12142
11497
10816
10100
9353
8577
7774
6948
6100
5233
4351
3456
2551
1639
723
-193
-1109
-2020
-2924
-3818
-4699
-5564
-6412
-7238
-8042
-8820
-9570
-10289
-10977
-11631
-12248
-12828
-13369
-13868
-14325
-14739
-15108
-15432
-15709
-15939
-16122
-16256
-16343
-16381
-16371
-16313
-16207
-16054
-15855
-15609
-15319
-14984
-14607
-14188
-13729
-13231
-12695
-12124
-11519
-10883
-10215
-9520
-8799
-8054
-7287
-6501
-5697
-4878
-4047
-3205
-2356
-1501
-643
215
1072
1926
2773
3611
4439
5254
6053
6836
7598
8340
9058
9752
10418
11056
11664
12240
12783
13292
13765
14202
14601
14961
15282
15563
15803
16002
16160
16276
16350
16382
16372
16320
16227
16093
15918
15704
15450
15158
14828
14461
14059
13622
13153
12651
12119
11557
10968
10352
9713
9050
8366
7663
6942
6205
5454
4691
3918
3136
2348
1555
760
-36
-831
-1623
-2410
-3191
-3963
-4725
-5476
-6212
-6933
-7637
-8323
-8989
-9633
-10255
-10852
-11425
-11970
-12488
-12977
-13436
-13864
-14261
-14626
-14957
-15255
-15519
-15748
-15943
-16102
-16226
-16314
-16366
-16383
-16364
-16310
-16221
-16098
-15940
-15748
-15522
-15264
-14974
-14653
-14302
-13920
-13510
-13073
-12608
-12118
-11604
-11066
-10506
-9926
-9325
-8707
-8071
-7420
-6755
-6077
-5387
-4688
-3980
-3266
-2545
-1821
-1094
-366
361
1087
1810
2528
3241
3946
4643
5329
6005
6667
7316
7951
8569
9169
9752
10315
10858
11380
11880
12357
12810
13238
13642
14019
14370
14694
14991
15260
15500
15713
15896
16050
16175
16271
16337
16374
16382
16361
16311
16232
16124
15989
15825
15634
15417
15172
14902
14607
14287
13942
13575
13185
12773
12339
11886
11414
10922
10414
9889
9348
8792
8222
7640
7047
6442
5828
5205
4575
3939
3297
2650
2001
1349
696
43
-608
-1258
-1905
-2549
-3187
-3819
-4444
-5061
-5670
-6269
-6857
-7434
-7999
-8550
-9088
-9611
-10119
-10611
-11086
-11543
-11983
-12405
-12807
-13190
-13552
-13895
-14216
-14516
-14795
-15052
-15286
-15499
-15689
-15856
-16000
-16121
-16219
-16295
-16347
-16376
-16382
-16366
-16327
-16265
-16181
-16075
-15947
-15798
-15627
-15436
-15224
-14992
-14740
-14469
-14179
-13871
-13545
-13201
-12841
-12464
-12072
-11665
-11244
-10809
-10360
-9899
-9426
-8942
-8447
-7943
-7429
-6907
-6378
-5841
-5298
-4749
-4195
-3637
-3076
-2512
-1946
-1378
-810
-242
325
891
1455
2016
2574
3128
3677
4221
4759
5290
5815
6331
6840
7340
7830
8311
8781
9241
9689
10126
10550
10962
11361
11747
12119
12477
12821
13151
13465
13764
14048
14317
14569
14806
15026
15230
15418
15589
15744
15881
16003
16107
16195
16266
16320
16357
16378
16383
16370
16342
16297
16236
16159
16067
15959
15835
15696
15543
15374
15191
14994
14783
14559
14321
14070
13806
13530
13242
12942
12631
12309
11976
11633
11280
10917
10546
10165
9777
9380
8976
8565
8147
7723
7293
6858
6417
5972
5523
5070
4614
4155
3693
3229
2763
2296
1828
1360
891
423
-43
-510
-975
-1438
-1900
-2358
-2814
-3267
-3716
-4161
-4601
-5038
-5469
-5896
-6316
-6731
-7140
-7543
-7939
-8328
-8711
-9085
-9453
-9812
-10164
-10507
-10842
-11168
-11485
-11794
-12093
-12383
-12664
-12935
-13196
-13448
-13689
-13921
-14143
-14354
-14555
-14746
-14926
-15096
-15255
-15404
-15542
-15670
-15787
-15894
-15990
-16075
-16150
-16215
-16269
-16312
-16345
-16368
-16380
-16383
-16375
-16357
-16329
-16291
-16244
-16186
-16120
-16043
-15958
-15863
-15759
-15646
-15525
-15394
-15255
-15108
-14953
-14789
-14618
-14438
-14252
-14057
-13856
-13647
-13432
-13209
-12980
-12745
-12504
-12256
-12003
-11744
-11480
-11210
-10935
-10656
-10371
-10083
-9789
-9492
-9191
-8886
-8577
-8265
-7950
-7632
-7311
-6987
-6661
-6333
-6002
-5670
-5336
-5001
-4664
-4325
-3986
-3646
-3306
-2965
-2623
-2281
-1940
-1598
-1257
-916
-576
-237
101
438
774
1109
1443
1775
2105
2433
2759
3083
3405
3725
4042
4356
4668
4977
5283
5587
5887
6183
6477
6767
7054
7337
7617
7893
8165
8433
8698
8958
9215
9467
9715
9960
10199
10435
10666
10893
11115
11333
11546
11755
11960
12159
12355
12545
12731
12912
13089
13260
13428
13590
13748
13901
14049
14192
14331
14465
14594
14719
14839
14954
15065
15171
15272
15369
15461
15548
15631
15710
15783
15853
15918
15978
16035
16087
16134
16177
16216
16251
16282
16308
16331
16349
16363
16374
16380
16383
16382
16377
16368
16356
16340
16320
16297
16270
16240
16207
16170
16130
16087
16040
15990
15938
15882
15823
15762
15697
15630
15560
15487
15412
15334
15254
15171
15085
14998
14907
14815
14720
14624
14525
14424
14321
14216
14110
14001
13891
13778
13665
13549
13432
13313
13193
13072
12949
12824
12699
12572
12444
12315
12184
12053
11921
11787
11653
11518
11382
11245
11107
10969
10830
10690
10550
10409
10268
10126
9984
9842
9699
9555
9412
9268
9124
8980
8835
8691
8546
8402
8257
8112
7968
7823
7679
7534
7390
7246
7102
6959
6815
6672
6530
6387
6245
6104
5963
5822
5682
5542
5402
5264
5125
4988
4850
4714
4578
4442
4308
4174
4040
3908
3776
3645
3514
3384
3255
3127
3000
2873
2748
2623
2499
2375
2253
2131
2011
1891
1772
1654
1537
1421
1306
1192
1079
966
855
745
635
527
419
313
207
103
0
