-10436
2734
5704
-12620
16154
-15349
10414
-2668
-5801
12709
-16183
15273
-10218
2383
6105
-12936
16240
-15109
9842
-1875
-6611
13287
-16311
14842
-9276
1144
7309
-13744
16368
-14447
8504
-188
-8185
14277
-16379
13893
-7508
-989
9215
-14849
16299
-13145
6271
2382
-10366
15411
-16076
12164
-4779
-3973
11596
-15903
15653
-10909
3025
5733
-12846
16254
-14966
9346
-1014
-7618
14041
-16383
13952
-7449
-1233
9561
-15093
16201
-12551
5207
3674
-11478
15897
-15619
10716
-2633
-6236
13257
-16336
14549
-8419
-230
8816
-14766
16290
-12921
5663
3303
-11280
15855
-15639
10688
-2493
-6462
13459
-16364
14285
-7845
-995
9536
-15161
16139
-12162
4441
4650
-12314
16181
-15049
9258
-595
-8257
14550
-16320
13007
-5636
-3499
11546
-15983
15412
-10002
1446
7569
-14205
16364
-13355
6120
3057
-11270
15910
-15495
10147
-1562
-7525
14214
-16360
13267
-5917
-3336
11523
-16005
15330
-9708
945
8127
-14573
16296
-12728
5019
4328
-12269
16211
-14858
8642
407
-9329
15192
-16063
11647
-3389
-5991
13398
-16376
13931
-6865
-2484
11013
-15881
15459
-9877
993
8228
-14699
16244
-12337
4281
5220
-12968
16345
-14203
7256
2151
-10834
15845
-15474
9838
-847
-8437
14846
-16182
11980
-3670
-5903
13454
-16382
13670
-6243
-3342
11778
-16143
14918
-8518
-842
9916
-15542
15756
-10472
1527
7956
-14659
16226
-12099
3718
5975
-13569
16382
-13413
5701
4032
-12343
16279
-14436
7459
2176
-11042
15972
-15199
8990
441
-9719
15514
-15737
10299
-1149
-8420
14955
-16088
11401
-2581
-7179
14338
-16288
12312
-3847
-6024
13702
-16373
13053
-4948
-4976
13078
-16376
13646
-5885
-4050
12495
-16323
14110
-6664
-3257
11974
-16242
14464
-7293
-2603
11532
-16152
14725
-7777
-2093
11182
-16069
14907
-8123
-1729
10934
-16006
15020
-8337
-1512
10793
-15972
15070
-8422
-1444
10763
-15970
15062
-8379
-1523
10846
-16000
14995
-8208
-1751
11038
-16060
14864
-7905
-2125
11335
-16140
14662
-7468
-2645
11729
-16230
14378
-6889
-3307
12209
-16314
13997
-6162
-4107
12760
-16371
13503
-5282
-5038
13363
-16378
12876
-4241
-6089
13993
-16307
12095
-3036
-7245
14622
-16126
11142
-1667
-8484
15216
-15802
9995
-138
-9779
15733
-15297
8640
1537
-11094
16128
-14577
7065
3342
-12385
16352
-13606
5265
5246
-13601
16351
-12352
3247
7205
-14679
16071
-10793
1029
9167
-15552
15458
-8915
-1353
11062
-16145
14466
-6720
-3851
12809
-16382
13057
-4226
-6392
14315
-16188
11207
-1475
-8887
15480
-15495
8916
1463
-11224
16198
-14252
6208
4497
-13280
16369
-12428
3141
7501
-14917
15902
-10021
-192
10328
-15995
14731
-7073
-3660
12807
-16383
12821
-3665
-7094
14759
-15969
10186
65
-10293
16003
-14678
6892
3935
-13031
16377
-12487
3070
7710
-15078
15757
-9437
-1081
11124
-16214
14075
-5651
-5301
13888
-16259
11343
-1335
-9276
15722
-15095
7668
3220
-12659
16383
-12698
3263
7655
-15105
15700
-9158
-1552
11561
-16303
13608
-4696
-6367
14521
-16026
10182
338
-10707
16156
-14169
5651
5476
-14081
16181
-10795
408
10172
-16038
14456
-6153
-5016
13854
-16236
11041
-686
-9994
16001
-14513
6218
4999
-13873
16224
-10938
495
10186
-16062
14349
-5847
-5427
14134
-16138
10479
163
-10732
16195
-13939
5030
6284
-14599
15931
-9632
-1287
11594
-16335
13223
-3746
-7539
15194
-15518
8345
2866
-12695
16377
-12118
1975
9131
-15802
14783
-6560
-4865
13920
-16177
10522
285
-10958
16260
-13582
4228
7208
-15101
15556
-8338
-2999
12858
-16362
11767
-1338
-9757
16014
-14315
5495
6063
-14606
15867
-9207
-2055
12295
-16383
12264
-1992
-9283
15899
-14521
5832
5797
-14509
15900
-9258
-2068
12352
-16382
12106
-1684
-9598
16003
-14267
5261
6430
-14844
15679
-8498
-3034
13018
-16331
11265
-411
-10657
16247
-13472
3751
7908
-15489
15067
-6849
-4917
14140
-16032
9600
1822
-12302
16381
-11926
1249
10083
-16152
13776
-4189
-7596
15403
-15129
6908
4947
-14204
15984
-9338
-2237
12635
-16359
11429
-446
-10777
16289
-13154
3028
8711
-15819
14501
-5449
-6513
15002
-15472
7663
4253
-13894
16083
-9636
-1992
12553
-16359
11350
-217
-11037
16332
-12797
2334
9397
-16038
13977
-4324
-7683
15514
-14900
6164
5937
-14802
15580
-7838
-4197
13938
-16039
9338
2495
-12960
16298
-10661
-854
11902
-16383
11811
-705
-10795
16319
-12795
2169
9665
-16131
13623
-3527
-8537
15845
-14308
4775
7431
-15483
14863
-5909
-6363
15067
-15304
6930
5348
-14617
15645
-7841
-4395
14151
-15901
8645
3514
-13684
16087
-9347
-2710
13230
-16215
9954
1989
-12801
16299
-10471
-1353
12407
-16348
10905
805
-12057
16373
-11260
-345
11756
-16382
11542
-24
-11511
16382
-11756
306
11325
-16378
11904
-497
-11202
16373
-11989
600
11143
-16371
12014
-613
-11150
16372
-11977
537
11222
-16376
11879
-372
-11358
16381
-11718
118
11555
-16383
11492
224
-11811
16377
-11196
-656
12122
-16358
10827
1176
-12480
16317
-10379
-1784
12881
-16245
9847
2477
-13314
16132
-9224
-3252
13769
-15967
8506
4106
-14235
15735
-7687
-5033
14698
-15425
6761
6024
-15141
15020
-5726
-7071
15547
-14507
4579
8160
-15896
13872
-3320
-9277
16167
-13099
1953
10401
-16337
12177
-483
-11512
16381
-11094
-1077
12584
-16274
9843
2716
-13588
15992
-8419
-4412
14491
-15511
6823
6141
-15260
14808
-5060
-7870
15857
-13867
3143
9564
-16244
12671
-1092
-11180
16383
-11214
-1062
12669
-16239
9495
3286
-13981
15778
-7523
-5531
15060
-14975
5319
7741
-15851
13810
-2915
-9853
16300
-12275
356
11795
-16355
10375
2298
-13492
15974
-8129
-4976
14864
-15124
5577
7591
-15835
13789
-2774
-10049
16331
-11969
-202
12246
-16292
9686
3259
-14074
15669
-6988
-6281
15430
-14439
3949
9143
-16216
12600
-670
-11706
16351
-10185
-2722
13831
-15777
7259
6079
-15383
14465
-3923
-9233
16242
-12425
316
12006
-16311
9709
3391
-14225
15528
-6418
-7002
15724
-13879
2697
10303
-16367
11399
1260
-13072
16056
-8184
-5227
15103
-14748
4391
8948
-16215
12463
-234
-12157
16273
-9298
-4021
14599
-15208
5420
8077
-16050
13029
-1074
-11620
16340
-9835
-3434
14345
-15381
5818
7758
-15986
13176
-1260
-11530
16345
-9841
-3485
14398
-15321
5602
8012
-16058
12929
-792
-11899
16295
-9316
-4171
14748
-15009
4764
8822
-16227
12250
328
-12679
16120
-8219
-5469
15309
-14357
3275
10122
-16372
11047
2096
-13758
15675
-6477
-7318
15922
-13214
1108
11788
-16295
9191
4468
-14944
14750
-4016
-9592
16341
-11389
-1725
13606
-15727
6554
7330
-15948
13091
-806
-12062
16236
-8694
-5127
15248
-14345
3061
10443
-16383
10444
3074
-14365
15220
-5007
-8851
16268
-11833
-1231
13401
-15789
6640
7366
-15987
12903
-365
-12444
16127
-7969
-6045
15619
-13704
1698
11561
-16301
9015
4927
-15234
14281
-2763
-10803
16370
-9804
-4037
14885
-14679
3561
10207
-16383
10357
3389
-14612
14931
-4099
-9799
16373
-10695
-2993
14442
-15064
4381
9594
-16364
10831
2852
-14392
15091
-4412
-9598
16366
-10771
-2967
14465
-15015
4192
9812
-16377
10513
3337
-14655
14829
-3718
-10227
16383
-10046
-3957
14943
-14513
2986
10828
-16356
9354
4820
-15301
14038
-1991
-11589
16259
-8415
-5911
15686
-13366
730
12473
-16041
7206
7207
-16043
12451
794
-13427
15640
-5703
-8669
16302
-11248
-2567
14385
-14987
3893
10243
-16380
9710
4558
-15262
14010
-1775
-11855
16183
-7800
-6715
15953
-12638
-631
13406
-15613
5500
8957
-16342
10808
3277
-14771
14568
-2817
-11171
16296
-8481
-6076
15805
-12960
-204
13209
-15686
5650
8898
-16343
10726
3470
-14893
14392
-2357
-11570
16218
-7846
-6831
16020
-12325
-1291
13871
-15274
4359
10075
-16378
9449
5121
-15552
13395
-387
-12938
15773
-5807
-8876
16351
-10531
-3857
15109
-14055
1543
12230
-16025
6732
8064
-16270
11164
3082
-14808
14396
-2175
-11834
16127
-7167
-7689
16221
-11399
-2815
14713
-14475
2289
11790
-16129
7130
7770
-16241
11257
3060
-14842
14307
-1887
-12103
16032
-6621
-8304
16315
-10725
-3812
15171
-13861
967
12739
-15789
5619
9260
-16380
9762
5051
-15625
13071
475
-13625
15306
-4093
-10572
16324
-8300
-6735
16082
-11834
-2427
14637
-14451
2016
12131
-15987
6268
8778
-16365
10032
4841
-15595
13060
612
-13765
15169
-3614
-11032
16246
-7556
-7606
16254
-10968
-3728
15228
-13650
339
13265
-15459
4342
10517
-16314
8040
7175
-16197
11225
3453
-15147
13731
-420
-13257
15441
-4226
-10660
16289
-7759
-7521
16259
-10839
-4026
15385
-13324
-367
13741
-15109
3264
11438
-16130
6692
8613
-16368
9760
5419
-15841
12338
2018
-14601
14328
-1429
-12733
15664
-4768
-10341
16315
-7862
-7549
16280
-10591
-4486
15588
-12859
-1289
14295
-14595
1913
12474
-15756
4999
10217
-16322
7859
7624
-16298
10400
4804
-15710
12547
1862
-14604
14245
-1096
-13040
15458
-3974
-11088
16170
-6685
-8828
16382
-9153
-6342
16111
-11316
-3715
15387
-13127
-1028
14254
-14552
1641
12763
-15572
4223
10970
-16180
6654
8937
-16383
8883
6727
-16196
10865
4402
-15645
12567
2023
-14762
13966
-355
-13584
15048
-2681
-12154
15808
-4909
-10515
16250
-7000
-8711
16383
-8921
-6788
16222
-10647
-4787
15790
-12158
-2750
15109
-13442
-713
14208
-14491
1288
13116
-15305
3227
11862
-15885
5076
10477
-16240
6815
8988
-16380
8427
7426
-16318
9898
5816
-16070
11220
4182
-15652
12387
2548
-15084
13397
932
-14384
14251
-647
-13570
14950
-2176
-12662
15502
-3642
-11676
15912
-5034
-10630
16189
-6346
-9540
16342
-7571
-8421
16382
-8707
-7286
16319
-9750
-6147
16164
-10702
-5016
15928
-11562
-3901
15621
-12333
-2812
15256
-13019
-1754
14840
-13623
-734
14385
-14149
243
13900
-14603
1175
13392
-14990
2059
12871
-15316
2893
12342
-15586
3675
11813
-15805
4405
11290
-15980
5083
10777
-16116
5709
10280
-16218
6285
9803
-16291
6810
9350
-16339
7288
8924
-16368
7718
8527
-16381
8103
8161
-16382
8443
7830
-16374
8741
7535
-16361
8997
7276
-16344
9213
7055
-16327
9391
6874
-16311
9530
6732
-16297
9633
6630
-16287
9698
6570
-16281
9728
6549
-16280
9722
6570
-16284
9679
6632
-16293
9601
6734
-16306
9486
6876
-16322
9334
7058
-16339
9143
7279
-16356
8914
7537
-16371
8644
7832
-16380
8333
8163
-16383
7978
8527
-16374
7580
8923
-16351
7135
9348
-16310
6644
9800
-16246
6104
10275
-16155
5515
10769
-16032
4875
11279
-15872
4184
11800
-15670
3442
12326
-15421
2648
12852
-15118
1805
13371
-14757
912
13876
-14331
-27
14360
-13836
-1011
14814
-13267
-2035
15229
-12619
-3094
15596
-11888
-4183
15905
-11071
-5294
16146
-10165
-6419
16308
-9169
-7549
16380
-8083
-8672
16352
-6907
-9777
16214
-5645
-10849
15956
-4302
-11875
15568
-2883
-12838
15042
-1398
-13722
14373
142
-14509
13553
1725
-15183
12581
3335
-15723
11455
4954
-16113
10178
6562
-16336
8753
8135
-16374
7190
9650
-16214
5499
11081
-15843
3697
12398
-15251
1803
13575
-14432
-159
14582
-13383
-2163
15392
-12106
-4177
15976
-10608
-6165
16310
-8903
-8091
16372
-7008
-9913
16143
-4949
-11591
15611
-2757
-13080
14767
-468
-14340
13612
1872
-15328
12153
4216
-16009
10406
6511
-16349
8395
8700
-16321
6154
10724
-15906
3728
12522
-15095
1168
14038
-13888
-1463
15215
-12298
-4100
16004
-10349
-6667
16364
-8081
-9086
16263
-5545
-11279
15682
-2805
-13167
14618
62
-14676
13081
2970
-15739
11100
5824
-16302
8723
8524
-16323
6015
10970
-15777
3058
13062
-14660
-50
14707
-12989
-3199
15824
-10805
-6269
16348
-8173
-9134
16235
-5181
-11670
15462
-1939
-13758
14036
1425
-15290
11994
4772
-16179
9402
7949
-16359
6356
10806
-15796
2981
13197
-14488
-574
14991
-12472
-4144
16077
-9821
-7551
16375
-6647
-10617
15844
-3095
-13168
14480
658
-15051
12330
4419
-16141
9483
7979
-16349
6076
11130
-15635
2287
13676
-14010
-1675
15447
-11540
-5581
16311
-8348
-9188
16187
-4608
-12263
15050
-540
-14592
12941
3602
-16001
9969
7552
-16369
6305
11035
-15638
2178
13800
-13827
-2138
15632
-11030
-6347
16372
-7419
-10140
15936
-3233
-13226
14320
1230
-15353
11614
5643
-16332
7994
9662
-16054
3718
12959
-14506
-892
15250
-11779
-5471
16321
-8063
-9640
16049
-3643
-13037
14421
1124
-15352
11542
5836
-16353
7630
10075
-15918
3007
13450
-14049
-1925
15630
-10880
-6723
16383
-6673
-10931
15602
-1801
-14135
13323
3283
-15998
9731
8088
-16304
5150
12127
-14985
15
14975
-12135
-5161
16309
-8011
-9843
15953
-3017
-13524
13907
2336
-15787
10350
7477
-16352
5636
11837
-15118
262
14910
-12181
-5181
16319
-7837
-10072
15863
-2557
-13830
13556
3059
-15987
9627
8354
-16249
4515
12677
-14544
-1182
15480
-11037
-6775
16379
-6128
-11556
15221
-410
-14901
12111
5399
-16346
7409
10546
-15663
1702
14335
-12898
-4269
16230
-8380
-9704
15935
-2690
-13846
13446
3409
-16093
9066
9071
-16090
3376
13481
-13793
-2833
15981
-9488
-8672
16166
-3766
-13272
13966
2549
-15923
9662
8521
-16189
3866
13233
-13980
-2558
15934
-9594
-8624
16164
-3677
-13369
13838
2859
-16011
9283
8976
-16083
3196
13667
-13527
-3451
16134
-8717
-9565
15923
-2419
-14105
13022
4325
-16270
7878
10367
-15644
1342
14642
-12287
-5466
16368
-6742
-11344
15193
37
-15223
11277
6847
-16362
5287
12445
-14505
-1710
15772
-9946
-8427
16167
-3495
-13593
13507
3654
-16195
8248
10140
-15690
1364
14692
-12124
-5821
16382
-6148
-11894
14828
1083
-15619
10289
8135
-16205
3637
13565
-13480
-3794
16230
-7954
-10477
15529
-739
-14998
11557
6669
-16362
5106
12691
-14228
-2474
16005
-9003
-9555
15846
-1783
-14573
12196
5866
-16383
5813
12243
-14530
-1908
15888
-9377
-9233
15927
-2054
-14474
12298
5778
-16383
5790
12299
-14463
-2109
15950
-9111
-9546
15819
-1557
-14728
11881
6407
-16367
5038
12847
-14011
-3072
16154
-8183
-10458
15460
-288
-15261
10882
7714
-16230
3525
13792
-13064
-4766
16356
-6519
-11863
14693
1749
-15898
9178
9595
-15765
1214
14934
-11441
-7106
16301
-4029
-13552
13275
4504
-16344
6619
11844
-14668
-1885
15949
-8928
-9902
15632
-670
-15180
10923
7810
-16191
3099
14106
-12590
-5643
16382
-5352
-12794
13927
3469
-16250
7395
11310
-14947
-1341
15842
-9210
-9714
15671
-696
-15209
10787
8060
-16127
2612
14401
-12129
-6393
16349
-4384
-13462
13245
4752
-16370
5996
12436
-14151
-3167
16226
-7444
-11362
14865
1663
-15951
8727
10271
-15409
-258
15578
-9849
-9194
15806
-1036
-15137
10819
8152
-16080
2214
14656
-11647
-7166
16254
-3269
-14157
12346
6250
-16347
4203
13663
-12927
-5417
16382
-5015
-13191
13404
4676
-16374
5709
12756
-13789
-4032
16340
-6289
-12371
14092
3492
-16292
6757
12046
-14324
-3057
16243
-7118
-11787
14492
2731
-16199
7376
11602
-14604
-2514
16169
-7532
-11494
14663
2406
-16154
7588
11464
-14671
-2410
16159
-7546
-11514
14630
2523
-16181
7404
11642
-14537
-2746
16218
-7162
-11847
14389
3078
-16265
6817
12122
-14180
-3518
16315
-6365
-12463
13903
4062
-16357
5804
12860
-13549
-4708
16381
-5130
-13304
13108
5452
-16373
4339
13781
-12568
-6285
16315
-3429
-14276
11916
7200
-16189
2398
14770
-11140
-8183
15976
-1247
-15242
10229
9221
-15654
-21
15668
-9171
-10293
15200
1399
-16020
7958
11376
-14592
-2876
16268
-6584
-12443
13808
4435
-16380
5047
13462
-12827
-6056
16322
-3351
-14393
11633
7707
-16061
1507
15197
-10213
-9354
15562
465
-15829
8560
10953
-14795
-2540
16240
-6677
-12454
13735
4680
-16383
4576
13801
-12361
-6836
16211
-2281
-14930
10664
8949
-15680
-170
15777
-8647
-10950
14756
2726
-16275
6327
12760
-13413
-5319
16362
-3740
-14294
11641
7867
-15983
941
15465
-9450
-10272
15091
1994
-16186
6868
12429
-13662
-4970
16375
-3953
-14223
11691
7870
-15965
789
15539
-9202
-10562
14911
2513
-16267
6252
12903
-13192
-5815
16315
-2933
-14744
10825
8956
-15611
-625
15946
-7869
-11759
14122
4259
-16383
4425
14040
-11855
-7774
15961
-645
-15622
8871
10956
-14630
-3276
16350
-5290
-13581
12393
7107
-16104
1289
15433
-9321
-10589
14821
2899
-16325
5554
13453
-12507
-6996
16117
-1308
-15444
9251
10692
-14740
-3135
16347
-5229
-13675
12213
7445
-16009
705
15651
-8658
-11257
14367
3979
-16382
4303
14210
-11473
-8427
15718
521
-15981
7501
12220
-13624
-5402
16326
-2751
-14954
10205
9874
-15117
-2362
16291
-5716
-13461
12377
7342
-16005
552
15733
-8298
-11653
14024
4770
-16364
3243
14778
-10467
-9668
15183
2271
-16290
5648
13547
-12222
-7624
15915
-72
-15881
7737
12151
-13590
-5613
16289
-2206
-15232
9504
10684
-14613
-3706
16382
-4100
-14431
10963
9224
-15340
-1953
16266
-5740
-13555
12138
7833
-15828
-387
16011
-7129
-12669
13064
6557
-16130
973
15677
-8277
-11826
13775
5430
-16295
2119
15315
-9200
-11067
14306
4475
-16367
3050
14967
-9916
-10423
14689
3707
-16383
3767
14667
-10444
-9918
14950
3136
-16372
4275
14440
-10798
-9569
15111
2766
-16356
4580
14303
-10990
-9384
15186
2601
-16348
4683
14264
-11025
-9369
15182
2642
-16353
4586
14328
-10907
-9524
15098
2887
-16367
4289
14489
-10629
-9844
14927
3336
-16381
3789
14736
-10185
-10321
14655
3984
-16377
3081
15049
-9560
-10939
14259
4823
-16326
2162
15403
-8739
-11677
13713
5844
-16197
1030
15761
-7703
-12504
12986
7026
-15948
-314
16081
-6437
-13382
12043
8343
-15531
-1862
16308
-4927
-14259
10850
9759
-14895
-3595
16382
-3167
-15076
9377
11220
-13987
-5481
16234
-1163
-15759
7598
12662
-12756
-7473
15793
1064
-16225
5503
14001
-11157
-9502
14985
3474
-16382
3099
15141
-9160
-11479
13744
5999
-16134
418
15969
-6754
-13293
12015
8544
-15389
-2477
16365
-3958
-14811
9769
10985
-14067
-5488
16210
-829
-15888
7005
13169
-12112
-8479
15392
2534
-16371
3772
14920
-9506
-11273
13827
5981
-16114
170
16050
-6281
-13662
11470
9313
-14997
-3640
16373
-2536
-15419
8338
12286
-12949
-7434
15732
1554
-16313
4526
14629
-9965
-10930
14018
5740
-16141
219
16060
-6134
-13805
11205
9696
-14757
-4298
16328
-1657
-15725
7378
13045
-12111
-8658
15244
3151
-16382
2751
15393
-8282
-12422
12733
7866
-15544
-2320
16372
-3505
-15127
8873
11984
-13114
-7351
15708
1816
-16348
3927
14971
-9172
-11762
13282
7129
-15766
-1645
16338
-4022
-14946
9192
11772
-13252
-7208
15732
1806
-16352
3792
15056
-8933
-12011
13022
7585
-15597
-2298
16376
-3235
-15285
8386
12464
-12574
-8246
15337
3117
-16378
2344
15598
-7531
-13099
11874
9169
-14905
-4250
16306
-1114
-15940
6344
13863
-10878
-10311
14241
5675
-16086
-454
16234
-4798
-14684
9536
11613
-13272
-7352
15629
2348
-16381
2879
15464
-7799
-12987
11919
9213
-14832
-4531
16261
-586
-16077
5630
14315
-10107
-11159
13586
6931
-15741
-2047
16376
-3017
-15445
7779
13051
-11790
-9434
14680
4944
-16190
-9
16194
-4911
-14704
9365
11873
-12950
-7970
15349
3359
-16357
1538
15898
-6283
-14026
10456
10921
-13695
-6868
15725
2229
-16382
2587
15623
-7166
-13527
11117
10286
-14112
-6185
15907
1578
-16364
3144
15458
-7591
-13279
11398
10017
-14260
-5950
15955
1416
-16358
3217
15449
-7577
-13314
11323
10135
-14164
-6172
15889
1741
-16374
2807
15596
-7126
-13627
10886
10629
-13809
-6840
15683
2551
-16380
1911
15860
-6218
-14176
10053
11462
-13143
-7926
15272
3832
-16298
521
16159
-4821
-14879
8767
12559
-12085
-9373
14553
5550
-16008
-1360
16364
-2907
-15608
6962
13803
-10535
-11082
13393
7636
-15355
-3699
16302
-464
-16184
4581
15021
-8389
-12899
11646
9965
-14153
-6412
15760
2471
-16377
1607
15978
-5572
-14599
9180
12335
-12217
-9333
14506
5784
-15919
-1904
16383
-2073
-15881
5913
14455
-9394
-12197
12320
9248
-14530
-5784
15907
2008
-16383
1865
15943
-5620
-14623
9050
12505
-11971
-9715
14231
6412
-15717
-2779
16358
-985
-16132
4682
15062
-8120
-13213
11123
10690
-13543
-7632
15263
4200
-16206
-572
16335
-3068
-15652
6543
14204
-9682
-12069
12338
9361
-14389
-6216
15745
2790
-16351
751
16189
-4243
-15276
7523
13665
-10444
-11438
12879
8704
-14723
-5592
15902
2247
-16374
1181
16128
-4543
-15183
7694
13591
-10501
-11427
12850
8792
-14650
-5802
15832
2586
-16356
721
16211
-3983
-15412
7070
14000
-9861
-12039
12249
9616
-14147
-6830
15489
3795
-16232
-630
16355
-2543
-15863
5606
14783
-8446
-13165
10963
11075
-13070
-8595
14697
5821
-15793
-2855
16329
-195
-16293
3224
15695
-6126
-14565
8806
12950
-11177
-10910
13163
8520
-14707
-5863
15763
3031
-16307
-117
16328
-2785
-15835
5585
14850
-8196
-13413
10543
11574
-12556
-9396
14182
6950
-15378
-4312
16116
1562
-16382
1216
16177
-3945
-15513
6548
14418
-8953
-12929
11097
11095
-12927
-8969
14398
6616
-15476
-4101
16141
1493
-16382
1137
16200
-3723
-15608
6201
14627
-8508
-13289
10592
11633
-12406
-9706
13909
7558
-15073
-5244
15876
2823
-16306
-351
16359
-2112
-16042
4514
15369
-6800
-14361
8922
13047
-10838
-11461
12511
9641
-13908
-7632
15008
5478
-15792
-3227
16250
925
-16381
1379
16188
-3641
-15681
5818
14877
-7869
-13796
9758
12465
-11453
-10913
12926
9174
-14157
-7283
15127
5276
-15824
-3192
16244
1068
-16383
1058
16246
-3152
-15842
5179
15182
-7107
-14283
8908
13164
-10555
-11849
12026
10361
-13303
-8728
14371
6978
-15218
-5138
15837
3239
-16224
-1308
16379
-625
-16306
2534
16011
-4394
-15502
6181
14793
-7872
-13897
9448
12831
-10890
-11612
12185
10259
-13319
-8793
14283
7235
-15070
-5604
15674
3923
-16093
-2212
16327
491
-16379
1218
16252
-2901
-15954
4537
15490
-6112
-14872
7610
14110
-9018
-13214
10324
12199
-11518
-11077
12592
9862
-13540
-8568
14355
7209
-15034
-5801
15575
4356
-15977
-2889
16241
1413
-16369
59
16364
-1516
-16230
2946
15972
-4338
-15596
5683
15108
-6972
-14517
8197
13829
-9351
-13054
10428
12198
-11423
-11272
12333
10283
-13152
-9241
13881
8153
-14516
-7030
15057
5879
-15504
-4708
15857
3525
-16119
-2337
16290
1152
-16373
23
16372
-1184
-16288
2324
16127
-3437
-15891
4520
15586
-5567
-15214
6575
14782
-7541
-14293
8462
13752
-9335
-13164
10158
12533
-10931
-11864
11651
11162
-12319
-10432
12933
9676
-13493
-8901
14001
8109
-14456
-7305
14859
6492
-15211
-5674
15514
4854
-15768
-4035
15976
3220
-16139
-2412
16259
1613
-16338
-824
16377
49
-16380
710
16347
-1454
-16282
2179
16186
-2886
-16061
3572
15910
-4237
-15735
4880
15538
-5501
-15321
6100
15085
-6675
-14834
7227
14568
-7756
-14290
8261
14002
-8744
-13705
9203
13400
-9641
-13090
10056
12776
-10449
-12459
10821
12141
-11173
-11823
11505
11505
-11817
-11190
12110
10878
-12385
-10571
12643
10268
-12884
-9972
13109
9682
-13318
-9400
13513
9126
-13694
-8861
13862
8606
-14016
-8360
14159
8125
-14291
-7900
14411
7687
-14521
-7486
14622
7296
-14713
-7119
14796
6954
-14870
-6801
14937
6662
-14996
-6536
15048
6423
-15093
-6323
15132
6237
-15165
-6165
15191
6106
-15212
-6061
15227
6030
-15237
-6013
15241
6009
-15240
-6019
15233
6043
-15221
-6081
15203
6133
-15179
-6198
15150
6277
-15114
-6369
15072
6475
-15024
-6594
14969
6726
-14906
-6871
14836
7029
-14758
-7199
14672
7382
-14577
-7577
14472
7783
-14358
-8001
14233
8229
-14097
-8468
13949
8717
-13789
-8976
13617
9244
-13431
-9520
13231
9805
-13016
-10096
12785
10393
-12539
-10696
12275
11004
-11994
-11316
11695
11630
-11377
-11946
11040
12263
-10683
-12579
10305
12893
-9906
-13203
9486
13509
-9044
-13809
8580
14102
-8093
-14385
7584
14656
-7051
-14916
6496
15160
-5919
-15388
5318
15598
-4696
-15787
4052
15954
-3387
-16097
2701
16213
-1996
-16301
1273
16358
-533
-16382
-223
16372
993
-16324
-1776
16238
2569
-16112
-3370
15942
4177
-15729
-4988
15470
5798
-15163
-6607
14808
7409
-14403
-8203
13947
8983
-13440
-9748
12881
10492
-12271
-11211
11608
11902
-10894
-12561
10129
13182
-9315
-13761
8453
14294
-7544
-14777
6592
15205
-5599
-15573
4568
15877
-3502
-16114
2407
16278
-1286
-16367
144
16377
1012
-16305
-2179
16148
3348
-15904
-4514
15571
5669
-15148
-6806
14634
7918
-14029
-8996
13333
10032
-12549
-11019
11678
11947
-10722
-12809
9687
13596
-8576
-14300
7395
14914
-6150
-15430
4848
15841
-3498
-16141
2108
16323
-687
-16383
-751
16316
2200
-16120
-3645
15791
5074
-15330
-6476
14735
7835
-14008
-9140
13152
10377
-12171
-11533
11071
12593
-9859
-13546
8543
14380
-7134
-15082
5643
15642
-4082
-16051
2467
16300
-812
-16383
-864
16294
2547
-16029
-4216
15588
5854
-14971
-7439
14180
8953
-13220
-10376
12098
11688
-10824
-12872
9410
13910
-7870
-14785
6220
15481
-4479
-15987
2667
16290
-807
-16382
-1077
16258
2962
-15913
-4821
15347
6628
-14564
-8354
13570
9975
-12374
-11464
10989
12795
-9433
-13946
7725
14896
-5887
-15624
3946
16116
-1930
-16358
-130
16341
2203
-16061
-4254
15515
6248
-14709
-8152
13650
9931
-12351
-11551
10831
12981
-9111
-14192
7218
15157
-5184
-15855
3042
16267
-830
-16380
-1410
16187
3638
-15684
-5811
14876
7885
-13773
-9817
12392
11566
-10754
-13093
8889
14362
-6831
-15344
4618
16012
-2296
-16345
-88
16332
2484
-15966
-4841
15249
7106
-14191
-9225
12809
11149
-11129
-12830
9185
14225
-7018
-15297
4674
16015
-2206
-16356
-327
16305
2867
-15856
-5351
15015
7716
-13796
-9901
12224
11848
-10332
-13501
8164
14815
-5773
-15749
3218
16273
-564
-16365
-2118
16016
4758
-15229
-7281
14020
9616
-12414
-11693
10451
13452
-8182
-14835
5667
15798
-2976
-16306
183
16337
2627
-15884
-5374
14952
7972
-13562
-10341
11751
12403
-9569
-14091
7078
15345
-4352
-16119
1475
16383
1463
-16120
-4367
15330
7143
-14034
-9695
12266
11937
-10079
-13787
7542
15178
-4735
-16055
1753
16381
1302
-16137
-4327
15324
7212
-13963
-9853
12095
12150
-9781
-14017
7101
15377
-4146
-16175
1025
16373
2147
-15956
-5252
14931
8171
-13330
-10788
11207
12998
-8638
-14708
5719
15845
-2561
-16357
-711
16213
3970
-15413
-7081
13981
9914
-11967
-12350
9448
14280
-6523
-15619
3312
16301
53
-16289
-3430
15576
6673
-14184
-9637
12165
12190
-9602
-14212
6602
15609
-3293
-16308
-176
16270
3652
-15488
-6973
13989
9985
-11834
-12543
9117
14521
-5960
-15819
2507
16367
1078
-16130
-4625
15110
7961
-13349
-10919
10924
13349
-7949
-15124
4566
16147
-940
-16358
-2746
15737
6306
-14308
-9554
12134
12319
-9321
-14451
6010
15830
-2369
-16376
-1410
16049
5128
-14859
-8582
12860
11582
-10152
-13959
6877
15575
-3211
-16332
-646
16178
4482
-15114
-8077
13188
11226
-10503
-13741
7205
15473
-3479
-16312
-462
16200
4390
-15133
-8072
13165
11286
-10405
-13835
7010
15557
-3179
-16341
-857
16128
4855
-14922
-8566
12788
11757
-9849
-14222
6282
15800
-2307
-16381
-1828
15919
5859
-14432
-9526
12007
12586
-8793
-14835
4993
16115
-851
-16334
-3359
15466
7359
-13560
-10877
10733
13670
-7168
-15542
3104
16354
1186
-16042
-5408
14616
9266
-12166
-12488
8853
14839
-4905
-16146
596
16305
3768
-15294
-7874
13176
11423
-10094
-14150
6265
15847
-1964
-16381
-2494
15700
6781
-13846
-10572
10945
13579
-7210
-15565
2915
16370
1614
-15922
-6033
14244
9998
-11457
-13196
7767
15371
-3456
-16341
-1139
16020
5657
-14421
-9736
11663
13044
-7957
-15308
3595
16333
1071
-16026
-5663
14401
9801
-11580
-13138
7788
15388
-3334
-16354
-1411
15943
6051
-14179
-10189
11201
13467
-7254
-15595
2671
16381
2155
-15744
-6808
13729
10876
-10502
-13996
6337
15883
-1598
-16361
-3295
15373
7906
-12997
-11816
9438
14662
-5010
-16177
112
16210
4809
-14747
-9298
11912
12934
-7959
-15370
3248
16366
1779
-15818
-6652
13765
10904
-10393
-14122
6013
15989
-1042
-16313
-4042
15051
8745
-12314
-12603
8359
15228
-3569
-16352
-1586
15851
6597
-13762
-10959
10284
14226
-5757
-16060
635
16262
4564
-14800
-9308
11812
13104
-7595
-15551
2578
16383
2719
-15502
-7744
12988
11965
-9094
-14927
4225
16306
1106
-15944
-6332
13865
10888
-10282
-14275
5574
16115
-246
-16196
-5120
14496
9935
-11191
-13662
6636
15877
-1330
-16321
-4136
14933
9151
-11856
-13141
7428
15647
-2142
-16371
-3400
15217
8564
-12307
-12751
7964
15466
-2684
-16383
-2921
15381
8196
-12566
-12516
8259
15361
-2959
-16382
-2704
15446
8057
-12650
-12450
8320
15346
-2971
-16383
-2751
15420
8150
-12563
-12558
8150
15424
-2719
-16382
-3061
15300
8472
-12299
-12832
7745
15583
-2202
-16367
-3631
15071
9015
-11846
-13256
7094
15801
-1418
-16310
-4453
14705
9759
-11179
-13801
6183
16041
-363
-16172
-5515
14164
10676
-10270
-14426
4996
16254
957
-15902
-6795
13404
11726
-9085
-15075
3520
16375
2536
-15436
-8257
12371
12852
-7592
-15677
1750
16330
4347
-14704
-9849
11015
13978
-5767
-16145
-305
16029
6347
-13634
-11497
9286
15011
-3598
-16375
-2618
15379
8469
-12153
-13102
7152
15834
-1097
-16254
-5131
14285
10616
-10204
-14541
4603
16316
1693
-15661
-7749
12661
12654
-7752
-15664
1664
16310
4687
-14482
-10339
10444
14422
-4799
-16301
-1593
15675
7752
-12625
-12723
7610
15725
-1400
-16278
-5039
14281
10700
-10034
-14686
4195
16355
2320
-15429
-8478
12041
13294
-6719
-15985
307
16108
6166
-13627
-11652
8930
15254
-2770
-16374
-3853
14812
9857
-10812
-14248
5020
16290
1614
-15631
-7993
12366
13048
-7026
-15925
497
16129
6127
-13609
-11728
8777
15346
-2444
-16355
-4317
14568
10351
-10275
-14615
4204
16363
2604
-15277
-8974
11531
13790
-5766
-16202
-1020
15774
7638
-12565
-12920
7128
15922
-417
-16097
-6380
13399
12049
-8297
-15565
1694
16283
5225
-14060
-11211
9282
15169
-2806
-16368
-4193
14572
10436
-10096
-14769
3752
16381
3297
-14960
-9746
10755
14390
-4534
-16351
-2545
15247
9159
-11270
-14056
5157
16300
1944
-15451
-8687
11656
13783
-5624
-16246
-1496
15588
8341
-11922
-13585
5941
16202
1203
-15670
-8126
12076
13469
-6110
-16177
-1066
15703
8045
-12124
-13442
6134
16177
1085
-15691
-8100
12066
13503
-6013
-16200
-1259
15633
8290
-11901
-13651
5746
16243
1589
-15524
-8611
11625
13878
-5330
-16297
-2072
15354
9058
-11229
-14175
4762
16349
2707
-15110
-9622
10702
14528
-4037
-16381
-3490
14775
10290
-10034
-14916
3151
16370
4414
-14328
-11046
9209
15316
-2101
-16291
-5470
13746
11869
-8215
-15699
888
16114
6643
-13006
-12731
7040
16032
483
-15804
-7912
12081
13599
-5673
-16274
-2006
15325
9250
-10949
-14433
4110
16381
3662
-14641
-10621
9589
15185
-2354
-16307
-5426
13715
11980
-7985
-15801
415
16000
7260
-12513
-13272
6130
16222
1682
-15410
-9115
11009
14433
-4030
-16383
-3902
14491
10929
-9186
-15391
1704
16219
6191
-13202
-12627
7040
16065
810
-15668
-8478
11515
14121
-4587
-16373
-3456
14673
10675
-9416
-15314
1864
16233
6152
-13191
-12677
6916
16102
1065
-15573
-8796
11201
14365
-4053
-16383
-4109
14333
11262
-8708
-15613
898
16062
7146
-12480
-13406
5749
16293
2441
-15064
-10025
10013
15073
-2407
-16288
-5823
13343
12574
-6974
-16108
-1194
15501
9066
-10892
-14606
3458
16366
4883
-13875
-11965
7762
15933
388
-15733
-8447
11402
14296
-4062
-16382
-4359
14139
11638
-8142
-15835
-28
15820
8201
-11579
-14192
4230
16383
4263
-14170
-11620
8131
15848
114
-15787
-8340
11438
14308
-3967
-16380
-4597
13974
11913
-7731
-15966
-645
15626
8856
-10969
-14626
3268
16347
5350
-13524
-12490
6924
16150
1620
-15292
-9721
10138
15098
-2122
-16225
-6502
12765
13297
-5682
-16325
-3025
14709
10882
-8892
-15637
523
15916
8007
-11621
-14243
3972
16377
4834
-13775
-12251
7173
16118
1522
-15295
-9786
10003
15197
-1776
-16159
-6982
12370
13696
-4930
-16375
-3975
14211
11714
-7827
-15982
-894
15493
9358
-10375
-15034
2143
16208
6741
-12509
-13607
5035
16374
3970
-14188
-11783
7694
16025
1148
-15390
-9651
10054
15212
-1632
-16116
-7299
12066
13996
-4293
-16381
-4815
13700
12443
-6767
-16215
-2279
14942
10625
-9003
-15660
238
15792
8610
-10963
-14761
2675
16264
6466
-12625
-13572
4980
16379
4255
-13976
-12147
7113
16167
2033
-15016
-10538
9042
15665
-152
-15751
-8797
10748
14911
-2259
-16198
-6972
12220
13946
-4256
-16377
-5107
13454
12808
-6117
-16314
-3239
14454
11539
-7823
-16036
-1401
15228
10173
-9364
-15573
377
15790
8745
-10733
-14953
2078
16156
7284
-11931
-14207
3682
16345
5819
-12959
-13361
5178
16378
4370
-13827
-12442
6559
16274
2958
-14542
-11473
7819
16056
1598
-15117
-10476
8960
15744
302
-15565
-9471
9982
15357
-919
-15899
-8473
10890
14914
-2062
-16134
-7497
11688
14431
-3122
-16284
-6555
12385
13924
-4095
-16363
-5657
12987
13407
-4981
-16383
-4812
13504
12893
-5782
-16357
-4024
13942
12392
-6498
-16297
-3300
14310
11914
-7133
-16213
-2643
14617
11468
-7689
-16114
-2056
14869
11059
-8168
-16009
-1541
15073
10693
-8575
-15906
-1099
15236
10376
-8913
-15809
-730
15363
10112
-9183
-15725
-436
15457
9902
-9389
-15658
-216
15524
9750
-9532
-15610
-70
15565
9656
-9614
-15584
0
15583
9623
-9635
-15580
-2
15577
9650
-9597
-15599
-80
15548
9736
-9497
-15641
-232
15495
9882
-9337
-15702
-458
15415
10084
-9113
-15781
-758
15306
10342
-8825
-15874
-1132
15162
10653
-8469
-15976
-1579
14981
11011
-8043
-16080
-2098
14756
11414
-7545
-16182
-2688
14480
11854
-6970
-16271
-3346
14147
12326
-6317
-16340
-4071
13749
12822
-5583
-16379
-4858
13279
13332
-4765
-16376
-5702
12728
13846
-3862
-16319
-6596
12088
14352
-2875
-16198
-7533
11353
14836
-1803
-15997
-8503
10514
15284
-650
-15703
-9494
9566
15679
579
-15303
-10491
8503
16004
1878
-14784
-11479
7324
16240
3238
-14131
-12439
6027
16367
4645
-13335
-13350
4615
16365
6084
-12384
-14189
3092
16214
7535
-11271
-14930
1468
15894
8976
-9991
-15548
-243
15387
10381
-8543
-16015
-2025
14677
11719
-6931
-16302
-3853
13750
12959
-5163
-16381
-5701
12596
14063
-3254
-16225
-7534
11212
14996
-1225
-15812
-9314
9599
15719
895
-15120
-10999
7765
16192
3072
-14134
-12541
5727
16381
5263
-12847
-13891
3512
16251
7418
-11258
-14998
1154
15775
9482
-9377
-15811
-1299
14932
11392
-7226
-16281
-3795
13709
13085
-4837
-16365
-6268
12109
14493
-2258
-16028
-8644
10143
15551
451
-15242
-10845
7841
16197
3220
-13996
-12788
5249
16379
5964
-12293
-14387
2428
16052
8587
-10155
-15562
-540
15190
10989
-7625
-16239
-3561
13783
13066
-4768
-16356
-6526
11846
14714
-1670
-15869
-9314
9417
15838
1561
-14754
-11799
6563
16356
4802
-13017
-13855
3375
16204
7910
-10691
-15362
-24
15344
10737
-7844
-16217
-3493
13773
13131
-4578
-16337
-6870
11520
14950
-1028
-15671
-9978
8658
16064
2641
-14204
-12642
5299
16375
6246
-11969
-14691
1596
15818
9581
-9043
-15977
-2263
14373
12443
-5555
-16381
-6063
12077
14637
-1680
-15830
-9572
9021
15991
2362
-14307
-12556
5355
16375
6328
-11856
-14795
1284
15713
9951
-8591
-16101
-2938
13994
12968
-4694
-16335
-7030
11286
15137
-406
-15428
-10692
7733
16259
3979
-13390
-13633
3556
16198
8137
-10319
-15594
-953
14903
11737
-6406
-16375
-5458
12417
14463
-1924
-15858
-9591
8889
16051
2782
-14027
-12990
4568
16316
7322
-10977
-15328
-207
15175
11290
-6924
-16351
-5033
12668
14305
-2192
-15910
-9468
8966
16045
2809
-13982
-13078
4370
16290
7610
-10689
-15479
-710
14954
11732
-6301
-16381
-5788
12106
14730
-1219
-15631
-10341
7977
16246
4054
-13241
-13869
2955
16061
8964
-9403
-15949
-2449
14126
12957
-4484
-16294
-7650
10593
15546
1000
-14798
-12045
5804
16379
6436
-11566
-15087
276
15293
11176
-6919
-16361
-5349
12347
14615
-1373
-15646
-10383
7839
16278
4408
-12959
-14166
2286
15888
9693
-8576
-16163
-3626
13423
13768
-3015
-16048
-9124
9141
16045
3012
-13761
-13444
3564
16147
8692
-9546
-15943
-2571
13987
13209
-3935
-16204
-8405
9799
15873
2304
-14114
-13075
4131
16229
8269
-9907
-15845
-2215
14149
13047
-4154
-16230
-8287
9873
15861
2302
-14093
-13127
4004
16205
8459
-9695
-15921
-2565
13944
13311
-3680
-16148
-8780
9370
16015
3002
-13693
-13589
3181
16050
9243
-8890
-16131
-3611
13329
13950
-2503
-15892
-9839
8247
16248
4387
-12835
-14374
1644
15653
10551
-7428
-16343
-5320
12190
14836
-603
-15306
-11360
6423
16383
6397
-11374
-15304
-616
14819
12236
-5220
-16332
-7600
10362
15740
2009
-14159
-13146
3814
16148
8902
-9133
-16100
-3560
13291
14046
-2202
-15784
-10267
7670
16330
5245
-12178
-14884
392
15194
11647
-5959
-16373
-7030
10792
15598
1598
-14327
-12986
3999
16167
8867
-9106
-16119
-3736
13140
14213
-1801
-15650
-10691
7110
16371
5973
-11594
-15246
-605
14760
12425
-4806
-16276
-8241
9665
15995
3171
-13447
-13972
2219
15755
10449
-7348
-16362
-5823
11671
15225
600
-14740
-12489
4662
16251
8460
-9416
-16069
-3574
13177
14234
-1656
-15574
-10957
6695
16383
6588
-11037
-15544
-1581
14259
13164
-3560
-16058
-9499
8328
16276
4923
-12265
-14917
106
15002
12131
-5102
-16295
-8204
9591
16042
3523
-13159
-14289
1464
15486
11219
-6293
-16377
-7135
10523
15769
2421
-13779
-13740
2487
15784
10492
-7151
-16377
-6331
11161
15526
1635
-14177
-13328
3179
15951
9990
-7698
-16350
-5817
11539
15362
1173
-14389
-13088
3546
16026
9739
-7948
-16332
-5606
11677
15303
1037
-14440
-13042
3592
16030
9749
-7911
-16338
-5701
11585
15360
1227
-14335
-13192
3318
15963
10019
-7586
-16362
-6100
11256
15523
1742
-14062
-13525
2723
15808
10538
-6964
-16383
-6794
10674
15763
2578
-13594
-14014
1799
15528
11277
-6027
-16355
-7761
9808
16035
3725
-12890
-14610
545
15070
12195
-4756
-16217
-8969
8623
16271
5162
-11895
-15246
-1035
14366
13228
-3135
-15889
-10364
7080
16383
6852
-10551
-15832
-2927
13337
14290
-1158
-15276
-11869
5149
16263
8734
-8802
-16254
-5088
11902
15266
1158
-14274
-13377
2817
15790
10714
-6604
-16376
-7444
9987
16017
3767
-12779
-14748
101
14834
12659
-3940
-16050
-9879
7539
16374
6575
-10703
-15807
-2935
13272
14394
-838
-15118
-12227
4545
16157
9433
-7991
-16352
-6170
11005
15707
2612
-13440
-14271
1054
15186
12132
-4646
-16168
-9408
7986
16354
6245
-10917
-15750
-2801
13308
14400
-751
-15055
-12383
4246
16089
9805
-7522
-16378
-6796
10434
15923
3500
-12857
-14758
-71
14695
12951
-3337
-15878
-10594
6579
16369
7798
-9517
-16161
-4691
12034
15277
1410
-14034
-13769
1904
15446
11710
-5119
-16225
-9196
8107
16353
6336
-10754
-15840
-3249
12965
14718
60
-14663
-13044
3108
15797
10894
-6137
-16336
-8357
8918
16274
5534
-11355
-15625
-2535
13370
14427
-531
-14899
-12734
3556
15902
10616
-6436
-16355
-8154
9076
16256
5440
-11396
-15622
-2568
13324
14485
-364
-14810
-12894
3261
15815
10910
-6034
-16320
-8604
8598
16321
6055
-10881
-15831
-3346
12821
14875
559
-14370
-13494
2219
15492
11738
-4911
-16165
-9666
7444
16383
7344
-9750
-16150
-4842
11772
15485
2232
-13464
-14416
413
14790
12982
-3025
-15724
-11230
5537
16253
9211
-7889
-16375
-6984
10027
16098
4609
-11905
-15439
-2145
13484
14424
-344
-14737
-13087
2804
15644
11467
-5178
-16193
-9608
7415
16383
7558
-9471
-16220
-5367
11306
15717
3085
-12889
-14895
-762
14194
13779
-1552
-15203
-12402
3814
15905
10798
-5979
-16294
-9005
8009
16374
7062
-9870
-16152
-5011
11533
15642
2891
-12974
-14862
-743
14174
13833
-1393
-15120
-12583
3484
15805
11138
-5495
-16224
-9529
7396
16382
7787
-9160
-16282
-5945
10764
15936
4034
-12188
-15357
-2085
13417
14562
129
-14440
-13570
1805
15250
12402
-3692
-15842
-11080
5507
16217
9627
-7227
-16376
-8069
8835
16326
6429
-10312
-16076
-4731
11646
15635
2998
-12824
-15016
-1252
13840
14234
-484
-14687
-13304
2193
15363
12242
-3855
-15866
-11066
5454
16198
9792
-6977
-16362
-8438
8409
16364
7022
-9740
-16210
-5559
10961
15909
4067
-12065
-15470
-2561
13046
14902
1054
-13902
-14217
437
14630
13426
-1902
-15229
-12540
3330
15700
11572
-4710
-16046
-10534
6034
16269
9436
-7292
-16373
-8290
8479
16364
7108
-9590
-16248
-5899
10620
16030
4675
-11566
-15717
-3443
12426
15317
2214
-13199
-14836
-994
13883
14282
-207
-14480
-13663
1386
14991
12987
-2535
-15418
-12259
3649
15762
11489
-4723
-16027
-10682
5755
16216
9845
-6740
-16333
-8986
7677
16381
8109
-8563
-16365
-7220
9398
16289
6326
-10179
-16157
-5430
10908
15973
4537
-11584
-15743
-3651
12207
15471
2777
-12779
-15160
-1917
13300
14816
1074
-13772
-14442
-251
14197
14043
-550
-14577
-13622
1327
14912
13183
-2079
-15206
-12730
2804
15462
12266
-3501
-15680
-11794
4170
15863
11317
-4810
-16015
-10838
5421
16137
10359
-6002
-16231
-9883
6554
16301
9412
-7077
-16348
-8948
7572
16375
8493
-8038
-16383
-8049
8476
16376
7616
-8887
-16354
-7197
9272
16321
6792
-9632
-16277
-6403
9967
16226
6030
-10277
-16168
-5675
10565
16105
5339
-10830
-16038
-5021
11074
15970
4722
-11297
-15901
-4443
11500
15832
4185
-11684
-15766
-3947
11850
15701
3730
-11997
-15641
-3534
12128
15584
3360
-12242
-15533
-3207
12340
15488
3076
-12423
-15449
-2967
12490
15416
2880
-12543
-15391
-2814
12581
15373
2770
-12604
-15363
-2749
12614
15361
2749
-12609
-15366
-2772
12589
15379
2816
-12556
-15400
-2882
12507
15427
2971
-12445
-15462
-3081
12367
15504
3212
-12273
-15551
-3365
12164
15604
3540
-12039
-15662
-3736
11897
15724
3952
-11737
-15789
-4190
11560
15856
4448
-11363
-15925
-4726
11147
15994
5024
-10911
-16061
-5340
10655
16126
5676
-10376
-16188
-6029
10075
16244
6399
-9750
-16292
-6786
9401
16332
7188
-9028
-16362
-7605
8628
16379
8034
-8202
-16382
-8475
7750
16369
8927
-7270
-16337
-9387
6761
16284
9854
-6225
-16209
-10326
5660
16108
10801
-5066
-15980
-11276
4443
15822
11749
-3792
-15632
-12218
3113
15408
12679
-2407
-15147
-13129
1674
14847
13566
-916
-14506
-13985
134
14122
14383
669
-13693
-14757
-1494
13218
15103
2336
-12695
-15416
-3194
12122
15693
4064
-11499
-15929
-4943
10825
16121
5827
-10099
-16263
-6711
9322
16352
7593
-8494
-16383
-8466
7615
16353
9325
-6688
-16257
-10165
5714
16091
10980
-4695
-15853
-11763
3635
15539
12509
-2537
-15146
-13210
1406
14672
13859
-246
-14115
-14450
-936
13473
14976
2136
-12747
-15429
-3346
11936
15802
4558
-11041
-16088
-5763
10065
16281
6954
-9008
-16375
-8120
7877
16363
9252
-6674
-16241
-10340
5405
16004
11372
-4079
-15649
-12338
2701
15172
13226
-1282
-14572
-14026
-167
13849
14726
1638
-13002
-15317
-3116
12035
15787
4590
-10950
-16127
-6044
9754
16327
7465
-8452
-16381
-8835
7053
16282
10141
-5568
-16024
-11365
4008
15603
12492
-2387
-15017
-13504
720
14266
14388
975
-13353
-15126
-2681
12281
15706
4380
-11057
-16114
-6048
9690
16339
7666
-8192
-16372
-9211
6576
16205
10661
-4860
-15832
-11993
3061
15253
13186
-1202
-14466
-14218
-693
13476
15069
2602
-12290
-15721
-4495
10919
16158
6345
-9375
-16366
-8123
7678
16335
9799
-5847
-16057
-11344
3907
15528
12729
-1886
-14750
-13927
-185
13726
14912
2276
-12467
-15660
-4349
10987
16153
6370
-9304
-16372
-8301
7443
16307
10104
-5431
-15949
-11743
3301
15298
13182
-1090
-14356
-14388
-1162
13133
15332
3413
-11646
-15987
-5619
9915
16332
7734
-7971
-16350
-9710
5846
16034
11505
-3580
-15380
-13073
1219
14393
14376
1188
-13086
-15378
-3592
11479
16047
5936
-9601
-16361
-8166
7489
16302
10227
-5184
-15862
-12065
2738
15043
13630
-206
-13854
-14878
-2351
12315
15770
4872
-10457
-16274
-7290
8319
16367
9542
-5950
-16037
-11562
3406
15283
13294
-752
-14115
-14681
-1942
12555
15679
4606
-10636
-16251
-7161
8405
16369
9533
-5918
-16021
-11649
3242
15205
13442
-451
-13936
-14851
-2374
12241
15823
5149
-10162
-16321
-7786
7755
16318
10200
-5089
-15802
-12310
2242
14780
14042
695
-13273
-15330
-3632
11321
16123
6470
-8980
-16383
-9110
6319
16091
11459
-3425
-15244
-13429
392
13862
14943
2674
-11981
-15938
-5667
9660
16367
8475
-6973
-16204
-10992
4013
15443
13119
-884
-14099
-14767
-2298
12213
15864
5414
-9846
-16358
-8340
7082
16216
10958
-4021
-15433
-13158
781
14027
14843
2511
-12043
-15934
-5721
9553
16375
8714
-6651
-16136
-11360
3451
15213
13541
-84
-13634
-15153
-3306
11455
16116
6573
-8760
-16376
-9569
5662
15908
12154
-2290
-14720
-14206
-1204
12854
15618
4664
-10384
-16316
-7927
7415
16252
10836
-4078
-15418
-13246
528
13839
15032
3067
-11580
-16096
-6534
8740
16373
9697
-5450
-15835
-12392
1868
14497
14476
1827
-12413
-15831
-5450
9678
16375
8810
-6424
-16065
-11726
2814
14905
14035
965
-12942
-15604
-4712
10270
16336
8223
-7023
-16176
-11301
3371
15120
13766
487
-13212
-15472
-4339
10547
16308
7963
-7265
-16213
-11148
3547
15177
13701
396
-13248
-15461
-4337
10526
16313
8039
-7160
-16191
-11277
3345
15087
13845
692
-13054
-15575
-4707
10205
16348
8449
-6704
-16101
-11678
2763
14834
14182
1371
-12613
-15789
-5439
9567
16381
9173
-5884
-15906
-12323
1796
14378
14672
2430
-11886
-16052
-6514
8581
16354
10176
-4679
-15544
-13159
437
13660
15248
3853
-10820
-16285
-7895
7208
16182
11399
-3069
-14930
-14107
-1306
12602
15815
5608
-9354
-16383
-9522
5408
15755
12754
-1047
-13961
-15056
-3411
11118
16243
7633
-7428
-16211
-11297
3157
14945
14115
1373
-12526
-15858
-5817
9127
16377
9828
-5000
-15615
-13083
461
13616
15315
4133
-10522
-16332
-8416
6568
16036
12037
-2065
-14433
-14690
-2625
11640
16146
7119
-7872
-16267
-11039
3430
15027
14048
1317
-12514
-15881
-5973
8925
16366
10137
-4555
-15444
-13443
-225
13178
15592
5007
-9749
-16381
-9367
5446
15725
12914
-642
-13663
-15319
-4239
10364
16353
8756
-6112
-15904
-12493
1285
13996
15097
3679
-10787
-16312
-8321
6561
16009
12202
-1703
-14199
-14947
-3334
11034
16281
8073
-6802
-16059
-12055
1899
14285
14884
3206
-11113
-16271
-8018
6839
16062
12057
-1873
-14261
-14913
-3298
11028
16286
8157
-6673
-16021
-12210
1625
14125
15032
3606
-10776
-16321
-8487
6301
15926
12505
-1155
-13869
-15230
-4129
10347
16362
8999
-5718
-15761
-12928
462
13475
15487
4861
-9729
-16383
-9678
4915
15501
13457
452
-12919
-15773
-5789
8903
16353
10504
-3884
-15114
-14062
-1587
12175
16051
6899
-7850
-16230
-11446
2617
14558
14700
2932
-11209
-16273
-8163
6551
15965
12464
-1115
-13791
-15320
-4470
9989
16381
9547
-4991
-15501
-13505
-617
12766
15859
6172
-8486
-16308
-10998
3164
14779
14502
2561
-11438
-16241
-7991
6678
15982
12451
-1074
-13737
-15376
-4680
9767
16383
9866
-4555
-15326
-13822
-1251
12320
16031
6916
-7728
-16193
-11712
2128
14266
15009
3766
-10482
-16363
-9188
5315
15578
13421
567
-12737
-15894
-6392
8197
16261
11384
-2548
-14453
-14865
-3461
10692
16349
9021
-5470
-15617
-13369
-514
12747
15899
6447
-8114
-16244
-11506
2342
14336
14981
3772
-10419
-16370
-9377
5027
15457
13675
1092
-12351
-16044
-7075
7474
16127
12063
-1510
-13892
-15327
-4689
9640
16379
10226
-3972
-15044
-14285
-2294
11498
16254
8241
-6243
-15824
-12984
45
13037
15803
6177
-8289
-16259
-11489
2278
14261
15078
4095
-10091
-16382
-9862
4367
15182
14133
2044
-11639
-16235
-8158
6283
15822
13020
67
-12937
-15859
-6425
8011
16209
11788
-1806
-13993
-15296
-4704
9543
16372
10480
-3552
-14824
-14587
-3028
10879
16346
9136
-5156
-15450
-13771
-1424
12025
16162
7788
-6611
-15895
-12884
88
12991
15853
6467
-7913
-16182
-11957
1494
13792
15450
5193
-9066
-16336
-11018
2786
14444
14980
3986
-10074
-16383
-10092
3958
14964
14470
2859
-10946
-16345
-9197
5008
15370
13941
1822
-11692
-16245
-8351
5939
15679
13415
884
-12322
-16101
-7566
6752
15909
12908
47
-12848
-15933
-6855
7452
16073
12434
-685
-13281
-15755
-6225
8045
16188
12007
-1311
-13630
-15580
-5682
8534
16264
11634
-1832
-13906
-15421
-5231
8926
16312
11325
-2247
-14115
-15285
-4876
9225
16340
11085
-2557
-14264
-15181
-4618
9434
16356
10919
-2764
-14359
-15112
-4459
9556
16363
10829
-2868
-14402
-15083
-4401
9594
16364
10817
-2869
-14396
-15094
-4443
9546
16361
10883
-2768
-14339
-15145
-4584
9414
16351
11025
-2564
-14231
-15234
-4825
9195
16330
11242
-2257
-14067
-15356
-5163
8887
16295
11529
-1846
-13842
-15505
-5596
8485
16237
11881
-1330
-13550
-15673
-6122
7986
16148
12291
-710
-13182
-15850
-6734
7385
16016
12749
14
-12730
-16024
-7427
6678
15829
13244
841
-12183
-16180
-8194
5858
15573
13762
1770
-11530
-16303
-9024
4923
15232
14288
2794
-10762
-16374
-9904
3870
14789
14804
3907
-9867
-16372
-10818
2699
14228
15287
5099
-8837
-16275
-11749
1410
13532
15714
6357
-7665
-16061
-12672
10
12684
16058
7663
-6345
-15705
-13563
-1491
11670
16291
8995
-4878
-15184
-14390
-3082
10476
16383
10327
-3265
-14474
-15122
-4741
9095
16301
11626
-1517
-13555
-15721
-6442
7523
16014
12856
350
-12409
-16149
-8154
5762
15493
13975
2314
-11024
-16365
-9837
3822
14709
14937
4343
-9394
-16329
-11444
1722
13641
15692
6397
-7521
-16003
-12922
-508
12271
16191
8426
-5417
-15352
-14215
-2830
10592
16382
10371
-3108
-14348
-15260
-5192
8610
16219
12166
-630
-12973
-15994
-7528
6342
15659
13738
1961
-11220
-16356
-9766
3821
14669
15010
4602
-9098
-16287
-11821
1099
13232
15904
7209
-6635
-15739
-13602
-1754
11344
16347
9688
-3879
-14679
-15016
-4652
9024
16272
11934
-899
-13091
-15968
-7488
6315
15628
13834
2211
-10980
-16374
-10143
3285
14381
15276
5337
-8383
-16161
-12487
31
12526
16152
8345
-5365
-15280
-14387
-3322
10089
16370
11086
-2026
-13707
-15711
-6628
7130
15858
13403
1501
-11458
-16343
-9716
3750
14577
15143
5054
-8587
-16190
-12410
91
12527
16162
8447
-5197
-15193
-14526
-3670
9758
16344
11473
-1436
-13339
-15898
-7326
6373
15611
13927
2502
-10670
-16383
-10646
2528
13935
15610
6388
-7290
-15882
-13394
-1567
11351
16357
9966
-3366
-14353
-15346
-5658
7966
16047
12968
873
-11827
-16308
-9460
3957
14626
15141
5149
-8413
-16140
-12674
-424
12119
16265
9145
-4306
-14775
-15018
-4870
8644
16180
12530
220
-12240
-16245
-9031
4416
14814
14990
4825
-8666
-16181
-12542
-262
12197
16256
9121
-4290
-14748
-15060
-5013
8478
16141
12711
548
-11989
-16294
-9413
3926
14571
15220
5433
-8077
-16051
-13026
-1079
11605
16344
9896
-3321
-14266
-15454
-6076
7453
15888
13469
1852
-11028
-16380
-10554
2470
13809
15731
6930
-6592
-15622
-14012
-2861
10236
16366
11361
-1370
-13168
-16014
-7976
5479
15212
14614
4095
-9201
-16254
-12281
19
12306
16250
9183
-4102
-14609
-15224
-5534
7898
15988
13264
1572
-11180
-16377
-10509
2454
13760
15777
7146
-6304
-15501
-14246
-3387
9752
16320
11896
-538
-12609
-16192
-8881
4402
14724
15147
5389
-7988
-15998
-13265
-1626
11102
16380
10670
-2195
-13587
-15871
-7520
5867
15324
14520
3997
-9199
-16240
-12420
-295
12025
16308
9696
-3391
-14213
-15546
-6505
6875
15668
14013
3016
-9989
-16338
-11804
589
12589
16209
9044
-4136
-14564
-15309
-5878
7456
15837
13700
2467
-10401
-16367
-11475
1026
12846
16150
8751
-4443
-14694
-15215
-5664
7633
15880
13623
2358
-10463
-16369
-11460
1017
12822
16161
8834
-4320
-14624
-15283
-5867
7414
15809
13790
2690
-10179
-16348
-11760
563
12515
16237
9287
-3765
-14342
-15500
-6480
6791
15605
14181
3456
-9532
-16272
-12348
-334
11896
16337
10083
-2768
-13807
-15815
-7481
5742
15211
14741
4643
-8486
-16074
-13171
-1674
10912
16382
11171
-1319
-12949
-16143
-8824
4238
14541
15381
6215
-6991
-15651
-14137
-3437
9494
16259
12466
582
-11678
-16361
-10433
2259
13485
15972
8110
-5003
-14875
-15118
-5576
7571
15821
13839
2911
-9896
-16309
-12187
-195
11920
16342
10219
-2494
-13598
-15934
-8000
5087
14897
15112
5597
-7518
-15795
-13910
-3080
9729
16284
12374
515
-11673
-16365
-10552
2031
13310
16052
8501
-4498
-14613
-15365
-6276
6831
15564
14335
3935
-8980
-16152
-12998
-1537
10904
16380
11395
-863
-12570
-16254
-9570
3215
13950
15793
7572
-5471
-15029
-15017
-5447
7587
15794
13956
3244
-9527
-16244
-12641
-1009
11261
16383
11107
-1213
-12764
-16220
-9394
3384
14017
15770
7538
-5465
-15008
-15055
-5579
7423
15732
14097
3556
-9230
-16186
-12923
-1504
10862
16376
11562
-539
-12301
-16310
-10044
2545
13531
15999
8399
-4483
-14545
-15461
-6659
6326
15336
14713
4852
-8053
-15904
-13776
-3009
9644
16250
12672
1155
-11083
-16381
-11424
681
12360
16306
10055
-2480
-13464
-16035
-8590
4218
14392
15582
7050
-5878
-15140
-14962
-5458
7445
15709
14190
3836
-8904
-16102
-13283
-2203
10244
16324
12259
579
-11459
-16381
-11135
1020
12541
16283
9928
-2580
-13488
-16039
-8655
4086
14297
15659
7333
-5527
-14969
-15156
-5976
6894
15506
14541
4599
-8179
-15910
-13826
-3217
9374
16187
13025
1840
-10476
-16342
-12149
-480
11481
16382
11210
-851
-12388
-16314
-10220
2147
13196
16145
9190
-3401
-13905
-15885
-8130
4604
14517
15541
7051
-5752
-15035
-15121
-5961
6842
15462
14635
4868
-7869
-15802
-14090
-3781
8832
16059
13495
2706
-9729
-16238
-12857
-1649
10560
16344
12185
616
-11326
-16383
-11484
389
12025
16359
10763
-1363
-12661
-16280
-10027
2302
13235
16149
9282
-3204
-13750
-15973
-8533
4066
14207
15758
7786
-4888
-14609
-15507
-7044
5668
14961
15228
6312
-6407
-15264
-14923
-5594
7102
15522
14599
4892
-7756
-15739
-14259
-4209
8368
15918
13907
3547
-8940
-16062
-13548
-2909
9472
16175
13185
2296
-9966
-16260
-12821
-1710
10422
16321
12460
1152
-10843
-16359
-12104
-622
11229
16379
11756
122
-11583
-16383
-11418
347
11906
16373
11093
-788
-12199
-16353
-10782
1197
12464
16324
10487
-1576
-12703
-16289
-10209
1925
12917
16249
9951
-2243
-13107
-16208
-9712
2530
13275
16165
9495
-2788
-13422
-16123
-9300
3015
13549
16084
9127
-3212
-13656
-16047
-8978
3380
13746
16015
8854
-3518
-13819
-15988
-8753
3627
13874
15966
8678
-3706
-13913
-15951
-8627
3757
13937
15943
8602
-3779
-13945
-15941
-8602
3771
13937
15946
8628
-3735
-13913
-15958
-8678
3670
13874
15977
8754
-3575
-13818
-16001
-8854
3452
13746
16031
8979
-3299
-13656
-16065
-9127
3117
13549
16103
9299
-2906
-13422
-16144
-9494
2664
13276
16186
9710
-2393
-13109
-16228
-9947
2092
12920
16269
10205
-1761
-12707
-16306
-10481
1399
12470
16338
10774
-1008
-12207
-16363
-11083
586
11916
16379
11406
-134
-11597
-16383
-11741
-346
11246
16372
12087
856
-10864
-16345
-12440
-1395
10449
16297
12798
1961
-9998
-16227
-13159
-2554
9511
16131
13519
3173
-8986
-16007
-13876
-3815
8423
15850
14225
4480
-7820
-15658
-14563
-5164
7177
15427
14887
5866
-6493
-15155
-15191
-6583
5768
14838
15471
7311
-5001
-14472
-15723
-8047
4194
14055
15942
8787
-3348
-13585
-16122
-9527
2463
13057
16260
10260
-1542
-12471
-16348
-10984
586
11824
16383
11690
400
-11115
-16358
-12374
-1414
10342
16269
13029
2451
-9505
-16110
-13648
-3508
8604
15877
14223
4577
-7640
-15564
-14748
-5652
6614
15168
15214
6727
-5529
-14685
-15613
-7794
4387
14112
15937
8844
-3194
-13445
-16179
-9869
1954
12684
16330
10858
-673
-11828
-16383
-11801
-639
10876
16331
12687
1977
-9831
-16167
-13505
-3331
8694
15885
14244
4688
-7470
-15479
-14892
-6039
6164
14947
15438
7369
-4783
-14284
-15870
-8665
3336
13490
16177
9913
-1832
-12564
-16348
-11098
283
11507
16375
12203
1295
-10324
-16249
-13212
-2892
9020
15962
14110
4488
-7603
-15509
-14880
-6066
6082
14886
15506
7606
-4471
-14091
-15975
-9089
2782
13126
16271
10494
-1034
-11994
-16382
-11798
-754
10700
16299
12980
2562
-9254
-16012
-14019
-4367
7668
15516
14892
6142
-5957
-14807
-15582
-7862
4140
13886
16068
9500
-2238
-12757
-16334
-11026
276
11428
16367
12413
1717
-9909
-16156
-13633
-3714
8218
15693
14660
5681
-6374
-14976
-15466
-7583
4402
14005
16031
9387
-2330
-12788
-16334
-11056
191
11334
16359
12555
1979
-9662
-16094
-13850
-4143
7794
15533
14907
6258
-5757
-14674
-15698
-8282
3585
13525
16197
10170
-1316
-12095
-16382
-11880
-1006
10405
16238
13368
3337
-8480
-15756
-14596
-5625
6354
14933
15527
7820
-4064
-13777
-16129
-9868
1659
12300
16377
11718
811
-10527
-16254
-13320
-3291
8488
15748
14626
5721
-6225
-14860
-15594
-8040
3785
13598
16189
10184
-1224
-11982
-16383
-12095
-1395
10043
16158
13713
4006
-7820
-15506
-14987
-6539
5366
14432
15869
8920
-2740
-12952
-16324
-11080
10
11094
16326
12948
2746
-8901
-15859
-14463
-5452
6427
14923
15567
8023
-3738
-13534
-16216
-10378
909
11718
16374
12437
1974
-9521
-16024
-14126
-4825
7003
15161
15380
7547
-4234
-13799
-16145
-10048
1300
11968
16382
12238
1703
-9718
-16067
-14032
-4677
7115
15197
15357
7516
-4239
-13786
-16154
-10114
1187
11870
16379
12372
1935
-9506
-16008
-14195
-5013
6769
15039
15505
7931
-3754
-13492
-16238
-10571
569
11414
16349
12824
2664
-8871
-15819
-14589
-5820
5954
14652
15784
8768
-2771
-12880
-16345
-11381
-552
10560
16231
13541
3879
-7778
-15432
-15145
-7069
4641
13964
16110
9978
-1277
-11876
-16377
-12473
-2169
9245
15918
14430
5547
-6177
-14735
-15747
-8698
2802
12867
16350
11471
728
-10385
-16191
-13726
-4252
7391
15261
15343
7598
-4019
-13588
-16229
-10601
426
11235
16323
13102
3215
-8306
-15602
-14965
-6721
4936
14085
16080
9910
-1288
-11832
-16373
-12609
-2453
8945
15809
14664
6092
-5563
-14401
-15951
-9431
1857
12206
16383
12281
1975
-9327
-15918
-14474
-5725
5910
14564
15873
9181
-2136
-12377
-16382
-12138
-1784
9466
15953
14415
5629
-5985
-14590
-15864
-9170
2127
12356
16383
12189
1882
-9367
-15919
-14493
-5805
5789
14483
15926
9398
-1831
-12143
-16382
-12430
-2266
9028
15812
14699
6248
-5320
-14232
-16044
-9855
1246
11725
16361
12846
2934
-8437
-15608
-15012
-6948
4569
13814
16192
10524
-371
-11080
-16288
-13410
-3878
7575
15272
15395
7888
-3527
-13193
-16325
-11373
-792
10178
16113
14078
5083
-6423
-14755
-15796
-9036
2184
12325
16383
12358
2238
-8984
-15776
-14793
-6523
4959
13998
16146
10347
-540
-11161
-16293
-13415
-3944
7462
15203
15478
8155
-3169
-12937
-16358
-11758
-1394
9651
15967
14462
5875
-5586
-14312
-16035
-9915
1053
11505
16333
13180
3590
-7752
-15308
-15393
-7967
3343
13023
16352
11712
1365
-9644
-15957
-14500
-5986
5439
14217
16081
10127
-748
-11259
-16299
-13423
-4031
7316
15113
15577
8487
-2715
-12602
-16380
-12224
-2148
8966
15740
14896
6847
-4512
-13689
-16248
-10956
-371
10391
16135
14091
5247
-6126
-14544
-15949
-9666
1273
11598
16336
13208
3722
-7553
-15194
-15526
-8394
2772
12605
16381
12289
2297
-8796
-15667
-15021
-7171
4116
13429
16306
11370
989
-9864
-15994
-14470
-6023
5303
14093
16145
10481
-189
-10767
-16204
-13904
-4969
6335
14616
15928
9646
-1231
-11521
-16322
-13350
-4023
7217
15022
15682
8884
-2136
-12139
-16374
-12831
-3195
7956
15330
15430
8211
-2900
-12636
-16382
-12365
-2492
8560
15558
15192
7638
-3527
-13024
-16362
-11967
-1917
9036
15722
14984
7175
-4018
-13315
-16332
-11648
-1475
9391
15833
14818
6826
-4376
-13519
-16301
-11417
-1165
9632
15903
14703
6597
-4603
-13643
-16280
-11279
-989
9762
15938
14644
6490
-4701
-13691
-16271
-11237
-947
9785
15941
14645
6506
-4671
-13665
-16278
-11293
-1038
9699
15912
14705
6644
-4512
-13565
-16299
-11444
-1262
9505
15850
14822
6902
-4224
-13387
-16329
-11687
-1619
9199
15747
14989
7279
-3805
-13124
-16360
-12016
-2107
8776
15595
15197
7768
-3252
-12768
-16381
-12422
-2725
8229
15383
15434
8363
-2565
-12310
-16377
-12894
-3469
7552
15094
15685
9055
-1741
-11735
-16330
-13415
-4334
6738
14713
15929
9830
-780
-11032
-16220
-13968
-5311
5779
14220
16145
10674
315
-10185
-16024
-14530
-6390
4671
13595
16305
11564
1542
-9183
-15715
-15074
-7555
3409
12817
16381
12478
2890
-8013
-15266
-15568
-8784
1995
11866
16339
13384
4346
-6666
-14648
-15977
-10053
433
10722
16146
14246
5888
-5137
-13834
-16263
-11326
-1262
9371
15764
15024
7490
-3429
-12797
-16382
-12566
-3075
7802
15157
15672
9116
-1549
-11516
-16290
-13723
-4974
6013
14292
16137
10720
481
-9973
-15942
-14744
-6921
4009
13139
16368
12249
2634
-8160
-15295
-15571
-8867
1809
11674
16309
13641
4867
-6083
-14311
-16137
-10748
-555
9884
15907
14824
7122
-3757
-12959
-16379
-12492
-3036
7772
15116
15724
9329
-1218
-11223
-16232
-14018
-5570
5353
13896
16262
11403
1480
-9099
-15638
-15236
-8074
2667
12225
16363
13248
4264
-6607
-14551
-16054
-10451
-225
10099
15956
14759
7039
-3789
-12943
-16381
-12586
-3238
7537
14987
15828
9690
-717
-10807
-16136
-14358
-6260
4591
13422
16348
12084
2509
-8168
-15255
-15640
-9158
1344
11255
16227
14080
5759
-5085
-13700
-16310
-11776
-2086
8516
15390
15529
8876
-1658
-11466
-16262
-13951
-5547
5278
13798
16295
11681
1972
-8595
-15414
-15514
-8854
1661
11452
16256
13985
5628
-5175
-13727
-16310
-11803
-2168
8406
15330
15597
9094
-1353
-11213
-16209
-14177
-6000
4775
13481
16347
12136
2672
-7946
-15126
-15764
-9586
734
10736
16099
14508
6654
-4070
-13038
-16380
-12657
-3478
7199
14773
15982
10308
196
-9998
-15889
-14945
-7573
3054
12367
16365
13332
4573
-6147
-14228
-16202
-11226
-1436
8968
15528
15432
8726
-1717
-11423
-16239
-14105
-5937
4768
13434
16357
12289
2972
-7613
-14947
-15899
-10067
59
10159
15926
14904
7530
-3049
-12330
-16359
-13424
-4777
5900
14068
16253
11529
1906
-8525
-15334
-15632
-9294
987
10848
16107
14536
6803
-3811
-12810
-16382
-13017
-4142
6484
14366
16171
11138
1397
-8932
-15487
-15501
-8969
1348
11095
16160
14408
6581
-4018
-12923
-16383
-12942
-4051
6543
14383
16171
11157
1452
-8861
-15450
-15547
-9113
1145
10922
16114
14545
6875
-3676
-12685
-16377
-13207
-4506
6081
14121
16251
11581
2067
-8309
-15211
-15755
-9717
379
10315
15945
14919
7669
-2779
-12067
-16323
-13776
-5490
5082
13536
16355
12366
3233
-7243
-14707
-16056
-10732
-949
9225
15569
15448
8916
-1314
-10998
-16121
-14559
-6964
3515
12537
16367
13421
4920
-5614
